The following training was conducted:

C: 0.8
K: 3
R: 10
E: 3
B: 64
optimizer: <class 'torch.optim.adam.Adam'>
criterion: CrossEntropyLoss()
lr: 0.01
data_name: MNIST
shards_each: 2
ternary: False
personalized: True
iid: False
model: <class 'models.Net_2'>
LESS_DATA: 1000
SERVER_TEST_SIZE: 1000
SERVER_TRAIN_SIZE: 100


Information from Server:

Accuracy: [0.08, 0.1, 0.1, 0.15, 0.12, 0.13, 0.05, 0.09, 0.08, 0.03]
Loss: [3.2177248001098633, 3.1901588439941406, 3.9952157735824585, 2.8328288793563843, 3.544426679611206, 3.3058501482009888, 3.2563157081604004, 3.9663931131362915, 3.158884882926941, 4.037163972854614]
Received data: [(1, 23), (1, 23), (1, 23), (2, 117895), (2, 117895), (2, 117895), (3, 117895), (3, 117895), (3, 117895), (4, 117895), (4, 117895), (4, 117895), (5, 117895), (5, 117895), (5, 117895), (6, 117895), (6, 117895), (6, 117895), (7, 117895), (7, 117895), (7, 117895), (8, 117895), (8, 117895), (8, 117895), (9, 117895), (9, 117895), (9, 117895), (10, 117895), (10, 117895), (10, 117895), (11, 117895), (11, 117895), (11, 117895)]
Send data: [(1, 20), (1, 1011), (1, 610), (1, 119444), (1, 20), (1, 1011), (1, 610), (1, 119444), (1, 20), (1, 1010), (1, 610), (1, 119444), (2, 19), (2, 21), (2, 117895), (2, 21), (2, 117895), (3, 19), (3, 21), (3, 117895), (3, 21), (3, 117895), (4, 21), (4, 21), (4, 117895), (4, 19), (4, 117895), (5, 19), (5, 21), (5, 21), (5, 117895), (5, 117895), (6, 19), (6, 21), (6, 117895), (6, 21), (6, 117895), (7, 21), (7, 19), (7, 21), (7, 117895), (7, 117895), (8, 21), (8, 19), (8, 21), (8, 117895), (8, 117895), (9, 21), (9, 21), (9, 117895), (9, 117895), (9, 19), (10, 21), (10, 19), (10, 117895), (10, 21), (10, 117895), (11, 21), (11, 19), (11, 21), (11, 117895), (11, 117895), (11, 21), (11, 117895), (11, 21), (11, 117895), (11, 21), (11, 117895)]


Information from Client_3:

Signals: ['Update', 'Update', 'Skip', 'Update', 'Update', 'Update', 'Update', 'Skip', 'Update', 'Update', 'Finish', None]
Data distribution: [(0, 111), (1, 120), (2, 91), (3, 10)]
Accuracy: [0.9036144578313253, 0.9457831325301205, 0.9728915662650602, 0.9216867469879518, 0.963855421686747, 0.9849397590361446, 0.9307228915662651, 0.9608433734939759, 0.9909638554216867, 0.9156626506024096, 0.9698795180722891, 0.9909638554216867, 0.9036144578313253, 0.9819277108433735, 0.9457831325301205, 0.9216867469879518, 0.9759036144578314, 0.9939759036144579, 0.9668674698795181, 0.9819277108433735, 0.9879518072289156, 0.9397590361445783, 0.9789156626506024, 0.9969879518072289]
Loss: [0.5701947410901388, 0.18342234815160433, 0.09197252476587892, 0.3043961798151334, 0.07207817522188027, 0.03547481851031383, 0.27340392768383026, 0.10942305500308673, 0.035024998942390084, 0.26818694919347763, 0.0744569762609899, 0.03486319491639733, 0.296498936911424, 0.0601009294235458, 0.15048684676488241, 0.27771888424952823, 0.058416070882231, 0.018517891177907586, 0.11813096826275189, 0.03379927963639299, 0.02454458875581622, 0.22809527441859245, 0.05483976937830448, 0.014029567110507438]
Received data: [(0, 20), (0, 1010), (0, 610), (0, 119444), (0, 21), (0, 117895), (1, 21), (1, 117895), (2, 19), (2, 21), (2, 117895), (3, 21), (3, 117895), (4, 21), (4, 117895), (5, 21), (5, 117895), (6, 19), (6, 21), (6, 117895), (7, 21), (7, 117895), (8, 21), (8, 117895)]
Send data: [(0, 23), (1, 117895), (2, 117895), (2, 117895), (3, 117895), (4, 117895), (5, 117895), (6, 117895), (6, 117895), (7, 117895), (8, 117895)]
Strategies (if used): []


Information from Client_1:

Signals: ['Skip', 'Skip', 'Update', 'Skip', 'Skip', 'Update', 'Update', 'Update', 'Update', 'Update', 'Finish', None]
Data distribution: [(6, 23), (7, 120), (8, 87), (9, 102)]
Accuracy: [0.8493975903614458, 0.963855421686747, 0.9337349397590361, 0.8945783132530121, 0.9578313253012049, 0.9668674698795181, 0.858433734939759, 0.9608433734939759, 0.9849397590361446, 0.8554216867469879, 0.9457831325301205, 0.9578313253012049, 0.927710843373494, 0.963855421686747, 0.9879518072289156, 0.891566265060241, 0.9246987951807228, 0.9789156626506024]
Loss: [0.47402048110961914, 0.10648660299678643, 0.1521840039640665, 0.3415942092736562, 0.13146831591924033, 0.14578545931726694, 0.4172465999921163, 0.13741027315457663, 0.043939684672902025, 0.4133858581384023, 0.1947777383029461, 0.1309657970753809, 0.21705845867594084, 0.10947594977915287, 0.03721460560336709, 0.33452586829662323, 0.15096838042760888, 0.07585682533681393]
Received data: [(0, 20), (0, 1011), (0, 610), (0, 119444), (0, 19), (0, 19), (0, 21), (0, 117895), (1, 19), (1, 19), (1, 21), (1, 117895), (2, 21), (2, 117895), (3, 21), (3, 117895), (4, 21), (4, 117895), (5, 21), (5, 117895), (6, 21), (6, 117895)]
Send data: [(0, 23), (0, 117895), (0, 117895), (1, 117895), (1, 117895), (1, 117895), (2, 117895), (3, 117895), (4, 117895), (5, 117895), (6, 117895)]
Strategies (if used): []


Information from Client_2:

Signals: ['Update', 'Update', 'Update', 'Update', 'Update', 'Skip', 'Skip', 'Update', 'Skip', 'Skip', 'Finish', None]
Data distribution: [(3, 83), (4, 96), (5, 80), (6, 73)]
Accuracy: [0.4397590361445783, 0.8463855421686747, 0.9036144578313253, 0.8945783132530121, 0.963855421686747, 0.9728915662650602, 0.8795180722891566, 0.9518072289156626, 0.963855421686747, 0.7981927710843374, 0.963855421686747, 0.9819277108433735, 0.8674698795180723, 0.9126506024096386, 0.9608433734939759, 0.9246987951807228, 0.9728915662650602, 0.9909638554216867]
Loss: [1.650957961877187, 0.4947941203912099, 0.2201954579601685, 0.29479734351237613, 0.09917624077449243, 0.06487492596109708, 0.31110329926013947, 0.12650475899378458, 0.1324264102925857, 0.5226473659276962, 0.08196245762519538, 0.04085662572955092, 0.36093732217947644, 0.3089518720904986, 0.0768227915590008, 0.2196159635980924, 0.06764988911648591, 0.028025563651074965]
Received data: [(0, 20), (0, 1011), (0, 610), (0, 119444), (0, 21), (0, 117895), (1, 21), (1, 117895), (2, 21), (2, 117895), (3, 21), (3, 117895), (4, 21), (4, 117895), (5, 19), (5, 19), (5, 21), (5, 117895), (6, 19), (6, 19), (6, 21), (6, 117895)]
Send data: [(0, 23), (1, 117895), (2, 117895), (3, 117895), (4, 117895), (5, 117895), (5, 117895), (5, 117895), (6, 117895), (6, 117895), (6, 117895)]
Strategies (if used): []


Duration: 50 minutes 18 seconds
