The following training was conducted:

C: 0.8
K: 3
R: 5
E: 3
B: 64
optimizer: <class 'torch.optim.adam.Adam'>
criterion: CrossEntropyLoss()
lr: 0.01
data_name: MNIST
shards_each: 2
ternary: True
personalized: True
iid: False
model: <class 'models.Net_2_Q'>
LESS_DATA: 1000
SERVER_TEST_SIZE: 1000
SERVER_TRAIN_SIZE: 100


Information from Server:

Accuracy: [0.07, 0.16, 0.13, 0.16, 0.15]
Loss: [2.5250415802001953, 2.832245111465454, 2.4012280702590942, 2.6275031566619873, 2.982730746269226]
Received data: [(1, 23), (1, 23), (1, 23), (2, 117229), (2, 117229), (2, 117229), (3, 117229), (3, 117229), (3, 117229), (4, 117229), (4, 117229), (4, 117229), (5, 117229), (5, 117229), (5, 117229), (6, 117229), (6, 117229), (6, 117229)]
Send data: [(1, 20), (1, 1012), (1, 610), (1, 118793), (1, 20), (1, 1012), (1, 610), (1, 118793), (1, 20), (1, 1010), (1, 610), (1, 118793), (2, 21), (2, 117229), (2, 21), (2, 117229), (2, 19), (3, 19), (3, 21), (3, 117229), (3, 21), (3, 117229), (4, 21), (4, 21), (4, 19), (4, 117229), (4, 117229), (5, 19), (5, 21), (5, 21), (5, 117229), (5, 117229), (6, 21), (6, 21), (6, 117229), (6, 19), (6, 117229), (6, 21), (6, 117229), (6, 21), (6, 117229), (6, 21), (6, 117229)]


Information from Client_3:

Signals: ['Skip', 'Update', 'Skip', 'Update', 'Skip', 'Finish', None]
Data distribution: [(0, 104), (1, 62), (3, 62), (4, 103), (5, 1)]
Accuracy: [0.9698795180722891, 0.8554216867469879, 0.9608433734939759, 0.9608433734939759, 0.9849397590361446, 0.9698795180722891]
Loss: [0.19060845424731573, 0.4634998043378194, 0.15290693004984254, 0.1652318499982357, 0.09504071692936122, 0.1307065476042529]
Received data: [(0, 20), (0, 1010), (0, 610), (0, 118793), (0, 19), (0, 21), (0, 117229), (1, 19), (1, 21), (1, 117229), (2, 19), (2, 21), (2, 117229)]
Send data: [(0, 23), (0, 117229), (1, 117229), (1, 117229), (2, 117229), (2, 117229)]
Strategies (if used): ['Strategy 1', 'Strategy 1']


Information from Client_1:

Signals: ['Update', 'Skip', 'Update', 'Skip', 'Update', 'Finish', None]
Data distribution: [(1, 35), (2, 103), (3, 28), (8, 78), (9, 88)]
Accuracy: [0.5933734939759037, 0.891566265060241, 0.927710843373494, 0.8644578313253012, 0.9518072289156626, 0.9849397590361446, 0.9156626506024096, 0.9578313253012049, 0.9759036144578314]
Loss: [1.1544573903083801, 0.37852010627587634, 0.20625064646204314, 0.4334638516108195, 0.16735035056869188, 0.04661930678412318, 0.2904239172736804, 0.12176775559782982, 0.05593684990890324]
Received data: [(0, 20), (0, 1012), (0, 610), (0, 118793), (0, 21), (0, 117229), (1, 19), (1, 21), (1, 117229), (2, 19), (2, 21), (2, 117229), (3, 21), (3, 117229)]
Send data: [(0, 23), (1, 117229), (1, 117229), (2, 117229), (2, 117229), (3, 117229)]
Strategies (if used): ['Strategy 2', 'Strategy 1', 'Strategy 1']


Information from Client_2:

Signals: ['Update', 'Update', 'Update', 'Update', 'Update', 'Finish', None]
Data distribution: [(5, 108), (6, 105), (7, 102), (8, 17)]
Accuracy: [0.7108433734939759, 0.9156626506024096, 0.9518072289156626, 0.9457831325301205, 0.9909638554216867, 0.9849397590361446, 0.891566265060241, 0.9698795180722891, 0.9939759036144579, 0.9487951807228916, 0.9427710843373494, 0.9759036144578314, 0.9849397590361446, 0.9939759036144579, 0.9728915662650602]
Loss: [0.7615577081839243, 0.20379913846651712, 0.16797961543003717, 0.16940172016620636, 0.029422542701164883, 0.047137909258405365, 0.19877024739980698, 0.07057434568802516, 0.022618564078584313, 0.24208038051923117, 0.20550942793488503, 0.05337320330242316, 0.06738120364025235, 0.017705925429860752, 0.05449724352608124]
Received data: [(0, 20), (0, 1012), (0, 610), (0, 118793), (0, 21), (0, 117229), (1, 21), (1, 117229), (2, 21), (2, 117229), (3, 21), (3, 117229), (4, 21), (4, 117229), (5, 21), (5, 117229)]
Send data: [(0, 23), (1, 117229), (2, 117229), (3, 117229), (4, 117229), (5, 117229)]
Strategies (if used): ['Strategy 1', 'Strategy 1', 'Strategy 1', 'Strategy 1', 'Strategy 1']


Duration: 30 minutes 45 seconds
