The following training was conducted:

C: 0.8
K: 3
R: 10
E: 3
B: 64
optimizer: <class 'torch.optim.adam.Adam'>
criterion: CrossEntropyLoss()
lr: 0.01
data_name: MNIST
shards_each: 2
ternary: False
personalized: True
iid: False
model: <class 'models.Net_2'>
LESS_DATA: 1000
SERVER_TEST_SIZE: 1000
SERVER_TRAIN_SIZE: 100


Information from Server:

Accuracy: [0.05, 0.09, 0.06, 0.17, 0.0, 0.07, 0.14, 0.09, 0.09, 0.04]
Loss: [6.477196455001831, 4.074968218803406, 4.289557933807373, 4.243582010269165, 3.5762568712234497, 4.532796382904053, 3.1625176668167114, 4.887231349945068, 3.563531279563904, 4.628072023391724]
Received data: [(1, 23), (1, 23), (1, 23), (2, 117895), (2, 117895), (2, 117895), (3, 117895), (3, 117895), (3, 117895), (4, 117895), (4, 117895), (4, 117895), (5, 117895), (5, 117895), (5, 117895), (6, 117895), (6, 117895), (6, 117895), (7, 117895), (7, 117895), (7, 117895), (8, 117895), (8, 117895), (8, 117895), (9, 117895), (9, 117895), (9, 117895), (10, 117895), (10, 117895), (10, 117895), (11, 117895), (11, 117895), (11, 117895)]
Send data: [(1, 20), (1, 1011), (1, 610), (1, 119444), (1, 20), (1, 1011), (1, 610), (1, 119444), (1, 20), (1, 1012), (1, 610), (1, 119444), (2, 19), (2, 21), (2, 117895), (2, 21), (2, 117895), (3, 21), (3, 19), (3, 117895), (3, 21), (3, 117895), (4, 21), (4, 19), (4, 21), (4, 117895), (4, 117895), (5, 19), (5, 21), (5, 21), (5, 117895), (5, 117895), (6, 21), (6, 21), (6, 117895), (6, 19), (6, 117895), (7, 21), (7, 21), (7, 117895), (7, 19), (7, 117895), (8, 21), (8, 19), (8, 117895), (8, 21), (8, 117895), (9, 21), (9, 19), (9, 21), (9, 117895), (9, 117895), (10, 21), (10, 21), (10, 19), (10, 117895), (10, 117895), (11, 21), (11, 21), (11, 117895), (11, 19), (11, 117895), (11, 21), (11, 117895), (11, 21), (11, 117895), (11, 21), (11, 117895)]


Information from Client_1:

Signals: ['Skip', 'Update', 'Update', 'Skip', 'Update', 'Update', 'Update', 'Update', 'Update', 'Update', 'Finish', None]
Data distribution: [(0, 96), (1, 70), (4, 34), (5, 95), (6, 37)]
Accuracy: [0.8072289156626506, 0.8765060240963856, 0.9668674698795181, 0.8403614457831325, 0.9578313253012049, 0.9879518072289156, 0.8313253012048193, 0.9608433734939759, 0.9819277108433735, 0.8885542168674698, 0.9548192771084337, 0.9879518072289156, 0.8825301204819277, 0.9698795180722891, 0.9879518072289156, 0.9698795180722891, 0.9939759036144579, 0.9969879518072289, 0.8704819277108434, 0.9789156626506024, 0.9789156626506024, 0.9096385542168675, 0.9849397590361446, 0.9909638554216867]
Loss: [0.7593446870644888, 0.3646447608868281, 0.13324974849820137, 0.4044189006090164, 0.11043035301069419, 0.04709965153597295, 0.6356120109558105, 0.15906637286146483, 0.04633279602664212, 0.33255649109681445, 0.12002236271897952, 0.04665219550952315, 0.41729316612084705, 0.10473336838185787, 0.031646893514941134, 0.13819529364506403, 0.03840147548665603, 0.02460105288385724, 0.35092128564914066, 0.06506356969475746, 0.0605146576029559, 0.24966580172379813, 0.05606301625569662, 0.01709345029121323]
Received data: [(0, 20), (0, 1011), (0, 610), (0, 119444), (0, 19), (0, 21), (0, 117895), (1, 21), (1, 117895), (2, 19), (2, 21), (2, 117895), (3, 21), (3, 117895), (4, 21), (4, 117895), (5, 21), (5, 117895), (6, 21), (6, 117895), (7, 21), (7, 117895), (8, 21), (8, 117895)]
Send data: [(0, 23), (0, 117895), (1, 117895), (2, 117895), (2, 117895), (3, 117895), (4, 117895), (5, 117895), (6, 117895), (7, 117895), (8, 117895)]
Strategies (if used): []


Information from Client_2:

Signals: ['Update', 'Skip', 'Skip', 'Update', 'Update', 'Update', 'Skip', 'Skip', 'Update', 'Update', 'Finish', None]
Data distribution: [(1, 66), (2, 101), (3, 111), (4, 54)]
Accuracy: [0.5451807228915663, 0.9246987951807228, 0.9518072289156626, 0.9578313253012049, 0.9849397590361446, 0.9939759036144579, 0.9728915662650602, 0.9849397590361446, 0.9879518072289156, 0.9307228915662651, 0.9698795180722891, 0.9939759036144579, 0.9307228915662651, 0.9789156626506024, 0.9939759036144579, 0.9457831325301205, 0.9849397590361446, 0.9939759036144579]
Loss: [0.964447150627772, 0.30456053217252094, 0.11148463500042756, 0.21375817308823267, 0.07697089140613873, 0.032168304858108364, 0.2113503242532412, 0.06779529247432947, 0.028138113984217245, 0.2643490508198738, 0.09605965142448743, 0.013631830942661812, 0.19629691789547601, 0.0714307048668464, 0.04544360307045281, 0.20619476089874902, 0.04522868928809961, 0.03243934906398257]
Received data: [(0, 20), (0, 1011), (0, 610), (0, 119444), (0, 21), (0, 117895), (1, 19), (1, 19), (1, 21), (1, 117895), (2, 21), (2, 117895), (3, 21), (3, 117895), (4, 19), (4, 19), (4, 21), (4, 117895), (5, 21), (5, 117895), (6, 21), (6, 117895)]
Send data: [(0, 23), (1, 117895), (1, 117895), (1, 117895), (2, 117895), (3, 117895), (4, 117895), (4, 117895), (4, 117895), (5, 117895), (6, 117895)]
Strategies (if used): []


Information from Client_3:

Signals: ['Update', 'Update', 'Update', 'Update', 'Skip', 'Skip', 'Update', 'Update', 'Skip', 'Skip', 'Finish', None]
Data distribution: [(6, 46), (7, 100), (8, 93), (9, 93)]
Accuracy: [0.28012048192771083, 0.9096385542168675, 0.9578313253012049, 0.8102409638554217, 0.9216867469879518, 0.9819277108433735, 0.8554216867469879, 0.9668674698795181, 0.9939759036144579, 0.8975903614457831, 0.963855421686747, 0.9849397590361446, 0.8373493975903614, 0.9608433734939759, 0.9819277108433735, 0.9126506024096386, 0.963855421686747, 0.9819277108433735]
Loss: [1.3614919384320576, 0.5125776578982671, 0.17036252468824387, 0.6167392482360204, 0.19353177895148596, 0.07404834536525111, 0.512532114982605, 0.14981912076473236, 0.027489079007258017, 0.342617134253184, 0.10781970682243507, 0.0448767637523512, 0.5429658790429434, 0.14064434294899306, 0.04732108612855276, 0.24120712901155153, 0.10459517563382785, 0.04324274758497874]
Received data: [(0, 20), (0, 1012), (0, 610), (0, 119444), (0, 21), (0, 117895), (1, 21), (1, 117895), (2, 21), (2, 117895), (3, 21), (3, 117895), (4, 19), (4, 19), (4, 21), (4, 117895), (5, 21), (5, 117895), (6, 19), (6, 19), (6, 21), (6, 117895)]
Send data: [(0, 23), (1, 117895), (2, 117895), (3, 117895), (4, 117895), (4, 117895), (4, 117895), (5, 117895), (6, 117895), (6, 117895), (6, 117895)]
Strategies (if used): []


Duration: 50 minutes 1 seconds
