The following training was conducted:

C: 0.8
K: 3
R: 15
E: 3
B: 64
optimizer: <class 'torch.optim.adam.Adam'>
criterion: CrossEntropyLoss()
lr: 0.01
data_name: CIFAR100
iid: True
shards_each: 2
ternary: False
personalized: False
model: <class 'models.Net_4'>
LESS_DATA: 10000
SERVER_TEST_SIZE: 1000
SERVER_TRAIN_SIZE: 1000


Information from Server:

Accuracy: [0.013, 0.024, 0.022, 0.029, 0.077, 0.07, 0.076, 0.073, 0.071, 0.077, 0.084, 0.083, 0.074, 0.077, 0.073]
Loss: [4.605528801679611, 4.577477902173996, 4.554179787635803, 4.535214900970459, 4.218986883759499, 4.251024395227432, 4.278878748416901, 4.375801712274551, 4.411810129880905, 4.471798121929169, 4.526793926954269, 4.697030633687973, 4.71574866771698, 4.804302155971527, 4.884931951761246]
Received data: [(1, 23), (1, 23), (1, 23), (2, 281487), (2, 281487), (2, 281487), (3, 281487), (3, 281487), (3, 281487), (4, 281487), (4, 281487), (4, 281487), (5, 281487), (5, 281487), (5, 281487), (6, 281487), (6, 281487), (6, 281487), (7, 281487), (7, 281487), (7, 281487), (8, 281487), (8, 281487), (8, 281487), (9, 281487), (9, 281487), (9, 281487), (10, 281487), (10, 281487), (10, 281487), (11, 281487), (11, 281487), (11, 281487), (12, 281487), (12, 281487), (12, 281487), (13, 281487), (13, 281487), (13, 281487), (14, 281487), (14, 281487), (14, 281487), (15, 281487), (15, 281487), (15, 281487), (16, 281487), (16, 281487), (16, 281487)]
Send data: [(1, 23), (1, 26815), (1, 613), (1, 283194), (1, 23), (1, 26815), (1, 613), (1, 283194), (1, 23), (1, 26815), (1, 613), (1, 283194), (2, 19), (2, 21), (2, 21), (2, 281487), (2, 281487), (3, 21), (3, 19), (3, 21), (3, 281487), (3, 281487), (4, 21), (4, 19), (4, 21), (4, 281487), (4, 281487), (5, 21), (5, 19), (5, 21), (5, 281487), (5, 281487), (6, 19), (6, 21), (6, 21), (6, 281487), (6, 281487), (7, 19), (7, 21), (7, 21), (7, 281487), (7, 281487), (8, 19), (8, 21), (8, 21), (8, 281487), (8, 281487), (9, 21), (9, 19), (9, 21), (9, 281487), (9, 281487), (10, 21), (10, 19), (10, 21), (10, 281487), (10, 281487), (11, 19), (11, 21), (11, 21), (11, 281487), (11, 281487), (12, 19), (12, 21), (12, 21), (12, 281487), (12, 281487), (13, 21), (13, 19), (13, 281487), (13, 21), (13, 281487), (14, 21), (14, 19), (14, 281487), (14, 21), (14, 281487), (15, 19), (15, 21), (15, 21), (15, 281487), (15, 281487), (16, 19), (16, 21), (16, 21), (16, 281487), (16, 281487), (16, 21), (16, 281487), (16, 21), (16, 281487), (16, 21), (16, 281487)]


Information from Client_1:

Signals: ['Skip', 'Update', 'Update', 'Update', 'Skip', 'Skip', 'Skip', 'Update', 'Update', 'Skip', 'Skip', 'Update', 'Update', 'Skip', 'Skip', 'Finish', None]
Data distribution: [(0, 45), (1, 33), (2, 31), (3, 36), (4, 30), (5, 36), (6, 31), (7, 25), (8, 42), (9, 38), (10, 39), (11, 32), (12, 34), (13, 30), (14, 29), (15, 36), (16, 28), (17, 28), (18, 38), (19, 40), (20, 38), (21, 32), (22, 41), (23, 39), (24, 31), (25, 35), (26, 34), (27, 42), (28, 38), (29, 37), (30, 24), (31, 29), (32, 26), (33, 33), (34, 35), (35, 35), (36, 44), (37, 34), (38, 36), (39, 36), (40, 34), (41, 35), (42, 34), (43, 34), (44, 23), (45, 36), (46, 34), (47, 36), (48, 39), (49, 28), (50, 48), (51, 32), (52, 32), (53, 35), (54, 33), (55, 28), (56, 30), (57, 24), (58, 29), (59, 36), (60, 27), (61, 25), (62, 52), (63, 39), (64, 33), (65, 36), (66, 29), (67, 50), (68, 38), (69, 28), (70, 28), (71, 29), (72, 37), (73, 38), (74, 32), (75, 44), (76, 30), (77, 30), (78, 31), (79, 29), (80, 29), (81, 33), (82, 37), (83, 31), (84, 28), (85, 19), (86, 36), (87, 33), (88, 30), (89, 32), (90, 27), (91, 37), (92, 31), (93, 31), (94, 27), (95, 32), (96, 25), (97, 36), (98, 25), (99, 29)]
Accuracy: [0.041704170417041705, 0.06420642064206421, 0.0699069906990699, 0.08700870087008701, 0.07560756075607561, 0.11581158115811581, 0.10171017101710171, 0.1347134713471347, 0.1791179117911791, 0.16741674167416742, 0.24362436243624364, 0.29672967296729674, 0.26792679267926794, 0.282028202820282, 0.3183318331833183, 0.31563156315631563, 0.36033603360336036, 0.3501350135013501, 0.31623162316231623, 0.34533453345334536, 0.38883888388838883]
Loss: [4.3800063942963225, 4.2738178990921885, 4.112276855504738, 4.085253522081195, 4.193783319221352, 3.903335467824396, 4.013367135569735, 3.7226419538821816, 3.463546204117109, 3.676959865498093, 3.2076605041072055, 2.961584797445333, 3.1904858283276827, 3.0548769483026468, 2.849902350947542, 2.8870325853239813, 2.681944469235978, 2.7290997055341615, 2.912027170073311, 2.726973110774778, 2.512397158820674]
Received data: [(0, 23), (0, 26815), (0, 613), (0, 283194), (0, 19), (0, 21), (0, 281487), (1, 21), (1, 281487), (2, 21), (2, 281487), (3, 19), (3, 19), (3, 19), (3, 21), (3, 281487), (4, 21), (4, 281487), (5, 19), (5, 19), (5, 21), (5, 281487), (6, 21), (6, 281487), (7, 19), (7, 19), (7, 21), (7, 281487)]
Send data: [(0, 23), (0, 281487), (1, 281487), (2, 281487), (3, 281487), (3, 281487), (3, 281487), (3, 281487), (4, 281487), (5, 281487), (5, 281487), (5, 281487), (6, 281487), (7, 281487), (7, 281487), (7, 281487)]
Strategies (if used): []


Information from Client_2:

Signals: ['Update', 'Skip', 'Skip', 'Skip', 'Update', 'Update', 'Update', 'Skip', 'Skip', 'Update', 'Update', 'Skip', 'Skip', 'Update', 'Update', 'Finish', None]
Data distribution: [(0, 30), (1, 40), (2, 36), (3, 27), (4, 38), (5, 31), (6, 35), (7, 35), (8, 29), (9, 35), (10, 39), (11, 33), (12, 35), (13, 21), (14, 26), (15, 37), (16, 36), (17, 34), (18, 29), (19, 29), (20, 33), (21, 30), (22, 36), (23, 43), (24, 37), (25, 29), (26, 34), (27, 32), (28, 44), (29, 39), (30, 39), (31, 32), (32, 32), (33, 32), (34, 29), (35, 33), (36, 31), (37, 38), (38, 28), (39, 33), (40, 41), (41, 34), (42, 35), (43, 36), (44, 54), (45, 43), (46, 37), (47, 25), (48, 32), (49, 32), (50, 22), (51, 39), (52, 27), (53, 22), (54, 33), (55, 41), (56, 32), (57, 33), (58, 29), (59, 29), (60, 32), (61, 31), (62, 24), (63, 27), (64, 27), (65, 33), (66, 38), (67, 35), (68, 28), (69, 30), (70, 41), (71, 32), (72, 26), (73, 26), (74, 34), (75, 39), (76, 39), (77, 31), (78, 35), (79, 28), (80, 31), (81, 33), (82, 54), (83, 40), (84, 38), (85, 41), (86, 29), (87, 32), (88, 41), (89, 29), (90, 41), (91, 27), (92, 29), (93, 28), (94, 26), (95, 30), (96, 21), (97, 36), (98, 29), (99, 47)]
Accuracy: [0.011701170117011701, 0.013201320132013201, 0.012001200120012, 0.08340834083408341, 0.10171017101710171, 0.11761176117611762, 0.11311131113111311, 0.16621662166216622, 0.18811881188118812, 0.1485148514851485, 0.2145214521452145, 0.2448244824482448, 0.22862286228622863, 0.2889288928892889, 0.324032403240324, 0.26972697269726975, 0.30123012301230123, 0.33753375337533753, 0.32973297329732976, 0.38823882388238823, 0.37983798379837985, 0.33603360336033605, 0.39843984398439847, 0.42934293429342935]
Loss: [4.601160922140445, 4.593388557434082, 4.603729077105252, 4.129529854036727, 3.916396294000014, 3.7996102414041197, 3.8715165381161674, 3.6416675279725275, 3.504265564792561, 3.6511210630524835, 3.354399370697309, 3.2057644736092046, 3.3279601178079283, 2.9833971374439745, 2.845122220381251, 3.1397239262203, 2.947621421993903, 2.728164830297794, 2.8201729171680956, 2.5862842775740713, 2.5803874078786597, 2.8806970299414867, 2.523241882054311, 2.380796585442885]
Received data: [(0, 23), (0, 26815), (0, 613), (0, 283194), (0, 21), (0, 281487), (1, 19), (1, 19), (1, 19), (1, 21), (1, 281487), (2, 21), (2, 281487), (3, 21), (3, 281487), (4, 19), (4, 19), (4, 21), (4, 281487), (5, 21), (5, 281487), (6, 19), (6, 19), (6, 21), (6, 281487), (7, 21), (7, 281487), (8, 21), (8, 281487)]
Send data: [(0, 23), (1, 281487), (1, 281487), (1, 281487), (1, 281487), (2, 281487), (3, 281487), (4, 281487), (4, 281487), (4, 281487), (5, 281487), (6, 281487), (6, 281487), (6, 281487), (7, 281487), (8, 281487)]
Strategies (if used): []


Information from Client_3:

Signals: ['Update', 'Update', 'Update', 'Update', 'Update', 'Update', 'Update', 'Update', 'Update', 'Update', 'Update', 'Update', 'Update', 'Update', 'Update', 'Finish', None]
Data distribution: [(0, 34), (1, 30), (2, 36), (3, 35), (4, 34), (5, 36), (6, 42), (7, 41), (8, 31), (9, 40), (10, 35), (11, 39), (12, 34), (13, 32), (14, 30), (15, 36), (16, 31), (17, 34), (18, 34), (19, 29), (20, 31), (21, 22), (22, 38), (23, 37), (24, 28), (25, 35), (26, 35), (27, 35), (28, 27), (29, 21), (30, 32), (31, 31), (32, 39), (33, 24), (34, 41), (35, 30), (36, 35), (37, 40), (38, 43), (39, 37), (40, 33), (41, 32), (42, 33), (43, 31), (44, 30), (45, 33), (46, 35), (47, 33), (48, 35), (49, 29), (50, 26), (51, 28), (52, 27), (53, 31), (54, 31), (55, 41), (56, 41), (57, 36), (58, 32), (59, 28), (60, 31), (61, 42), (62, 35), (63, 27), (64, 37), (65, 35), (66, 37), (67, 30), (68, 31), (69, 23), (70, 25), (71, 32), (72, 35), (73, 46), (74, 34), (75, 41), (76, 25), (77, 30), (78, 38), (79, 33), (80, 30), (81, 35), (82, 41), (83, 34), (84, 34), (85, 41), (86, 34), (87, 33), (88, 26), (89, 27), (90, 28), (91, 29), (92, 39), (93, 33), (94, 40), (95, 31), (96, 33), (97, 38), (98, 33), (99, 28)]
Accuracy: [0.0174017401740174, 0.038103810381038106, 0.052205220522052204, 0.056105610561056105, 0.0783078307830783, 0.0852085208520852, 0.07980798079807981, 0.1074107410741074, 0.1335133513351335, 0.1149114911491149, 0.1641164116411641, 0.16831683168316833, 0.15331533153315333, 0.1938193819381938, 0.2007200720072007, 0.18001800180018002, 0.24902490249024903, 0.27872787278727873, 0.21632163216321632, 0.28682868286828683, 0.33243324332433244, 0.2631263126312631, 0.3069306930693069, 0.3252325232523252, 0.279027902790279, 0.33183318331833184, 0.36693669366936693, 0.29312931293129313, 0.34923492349234925, 0.37503750375037503, 0.324032403240324, 0.38133813381338133, 0.40294029402940296, 0.32163216321632165, 0.41284128412841287, 0.39693969396939693, 0.36033603360336036, 0.39363936393639365, 0.43384338433843384, 0.34053405340534054, 0.42064206420642064, 0.45454545454545453, 0.3315331533153315, 0.38823882388238823, 0.41764176417641763]
Loss: [4.567638874053955, 4.4091660841456, 4.286719556124705, 4.248032844291543, 4.2760900506433455, 4.035077045548637, 4.093151893255846, 3.992119753135825, 3.7531902070315377, 3.885872908358304, 3.63104322271527, 3.583617187895865, 3.7314113490986376, 3.4925967072540858, 3.4059181978117743, 3.669485537510998, 3.1806862174340016, 3.082137958058771, 3.4027224981559896, 3.004199360901455, 2.7987890063591725, 3.2666256967580543, 2.90758922864806, 2.796243096297642, 3.062915455620244, 2.790650448709164, 2.6751311545102103, 2.9599434879590882, 2.716342822560724, 2.591833323802588, 2.8656970779850797, 2.593440735115195, 2.4834614474818393, 2.8627268908158787, 2.4804930507012135, 2.5091038245075152, 2.697742795044521, 2.5457404761944176, 2.3284389590317347, 2.7039754525670467, 2.3865198054403627, 2.1992879251264177, 2.7744763482291743, 2.6081522388278313, 2.35984025361403]
Received data: [(0, 23), (0, 26815), (0, 613), (0, 283194), (0, 21), (0, 281487), (1, 21), (1, 281487), (2, 21), (2, 281487), (3, 21), (3, 281487), (4, 21), (4, 281487), (5, 21), (5, 281487), (6, 21), (6, 281487), (7, 21), (7, 281487), (8, 21), (8, 281487), (9, 21), (9, 281487), (10, 21), (10, 281487), (11, 21), (11, 281487), (12, 21), (12, 281487), (13, 21), (13, 281487), (14, 21), (14, 281487), (15, 21), (15, 281487)]
Send data: [(0, 23), (1, 281487), (2, 281487), (3, 281487), (4, 281487), (5, 281487), (6, 281487), (7, 281487), (8, 281487), (9, 281487), (10, 281487), (11, 281487), (12, 281487), (13, 281487), (14, 281487), (15, 281487)]
Strategies (if used): []


Duration: 335 minutes 53 seconds
