The following training was conducted:

C: 0.8
K: 3
R: 15
E: 3
B: 64
optimizer: <class 'torch.optim.adam.Adam'>
criterion: CrossEntropyLoss()
lr: 0.01
data_name: CIFAR100
iid: True
shards_each: 2
ternary: True
personalized: True
model: <class 'models.Net_4'>
LESS_DATA: 10000
SERVER_TEST_SIZE: 1000
SERVER_TRAIN_SIZE: 1000


Information from Server:

Accuracy: [0.01, 0.01, 0.01, 0.011, 0.006, 0.008, 0.003, 0.009, 0.011, 0.008, 0.006, 0.015, 0.01, 0.011, 0.011]
Loss: [4.620395213365555, 4.615738213062286, 4.617430478334427, 4.624316930770874, 4.620573490858078, 4.6225210428237915, 4.626955151557922, 4.62064465880394, 4.628994196653366, 4.623278915882111, 4.62803316116333, 4.620046973228455, 4.63333198428154, 4.630408018827438, 4.629994064569473]
Received data: [(1, 23), (1, 23), (1, 23), (2, 281487), (2, 281487), (2, 281487), (3, 281487), (3, 281487), (3, 281487), (4, 281487), (4, 281487), (4, 281487), (5, 281487), (5, 281487), (5, 281487), (6, 281487), (6, 281487), (6, 281487), (7, 281487), (7, 281487), (7, 281487), (8, 281487), (8, 281487), (8, 281487), (9, 281487), (9, 281487), (9, 281487), (10, 281487), (10, 281487), (10, 281487), (11, 281487), (11, 281487), (11, 281487), (12, 281487), (12, 281487), (12, 281487), (13, 281487), (13, 281487), (13, 281487), (14, 281487), (14, 281487), (14, 281487), (15, 281487), (15, 281487), (15, 281487), (16, 281487), (16, 281487), (16, 281487)]
Send data: [(1, 23), (1, 26815), (1, 613), (1, 283194), (1, 23), (1, 26815), (1, 613), (1, 283194), (1, 23), (1, 26815), (1, 613), (1, 283194), (2, 21), (2, 21), (2, 19), (2, 281487), (2, 281487), (3, 21), (3, 19), (3, 21), (3, 281487), (3, 281487), (4, 19), (4, 21), (4, 21), (4, 281487), (4, 281487), (5, 21), (5, 21), (5, 19), (5, 281487), (5, 281487), (6, 19), (6, 21), (6, 21), (6, 281487), (6, 281487), (7, 19), (7, 21), (7, 21), (7, 281487), (7, 281487), (8, 21), (8, 19), (8, 21), (8, 281487), (8, 281487), (9, 19), (9, 21), (9, 21), (9, 281487), (9, 281487), (10, 21), (10, 19), (10, 21), (10, 281487), (10, 281487), (11, 21), (11, 19), (11, 21), (11, 281487), (11, 281487), (12, 21), (12, 19), (12, 21), (12, 281487), (12, 281487), (13, 19), (13, 21), (13, 21), (13, 281487), (13, 281487), (14, 21), (14, 21), (14, 19), (14, 281487), (14, 281487), (15, 21), (15, 19), (15, 21), (15, 281487), (15, 281487), (16, 19), (16, 21), (16, 21), (16, 281487), (16, 281487), (16, 21), (16, 281487), (16, 21), (16, 281487), (16, 21), (16, 281487)]


Information from Client_1:

Signals: ['Update', 'Update', 'Skip', 'Update', 'Skip', 'Skip', 'Update', 'Skip', 'Update', 'Update', 'Update', 'Skip', 'Update', 'Update', 'Skip', 'Finish', None]
Data distribution: [(0, 28), (1, 26), (2, 22), (3, 37), (4, 32), (5, 37), (6, 38), (7, 40), (8, 31), (9, 37), (10, 30), (11, 31), (12, 28), (13, 46), (14, 23), (15, 29), (16, 29), (17, 36), (18, 30), (19, 37), (20, 32), (21, 31), (22, 31), (23, 38), (24, 40), (25, 41), (26, 29), (27, 34), (28, 39), (29, 30), (30, 32), (31, 31), (32, 22), (33, 35), (34, 29), (35, 34), (36, 20), (37, 32), (38, 35), (39, 28), (40, 30), (41, 42), (42, 37), (43, 41), (44, 33), (45, 38), (46, 36), (47, 29), (48, 40), (49, 31), (50, 25), (51, 36), (52, 36), (53, 33), (54, 42), (55, 29), (56, 42), (57, 40), (58, 27), (59, 32), (60, 38), (61, 39), (62, 32), (63, 38), (64, 40), (65, 34), (66, 34), (67, 35), (68, 31), (69, 32), (70, 32), (71, 50), (72, 33), (73, 29), (74, 41), (75, 33), (76, 30), (77, 35), (78, 36), (79, 31), (80, 34), (81, 23), (82, 36), (83, 29), (84, 33), (85, 27), (86, 30), (87, 37), (88, 37), (89, 34), (90, 35), (91, 34), (92, 36), (93, 43), (94, 28), (95, 31), (96, 34), (97, 25), (98, 26), (99, 29)]
Accuracy: [0.025802580258025804, 0.04020402040204021, 0.048904890489048905, 0.018301830183018303, 0.024602460246024603, 0.043804380438043806, 0.0174017401740174, 0.025802580258025804, 0.026102610261026102, 0.030303030303030304, 0.0288028802880288, 0.034203420342034205, 0.030303030303030304, 0.0375037503750375, 0.041704170417041705, 0.037803780378037805, 0.027302730273027303, 0.05160516051605161, 0.028502850285028504, 0.0354035403540354, 0.050405040504050404, 0.0333033303330333, 0.036003600360036005, 0.054005400540054004, 0.0306030603060306, 0.036003600360036005, 0.039603960396039604]
Loss: [4.550620924751714, 4.396205758148769, 4.360927428839342, 4.60468520758287, 4.51852259545956, 4.400535412554471, 4.538060458201282, 4.494677867529528, 4.48288338139372, 4.515444287713969, 4.47072378194557, 4.43046254032063, 4.4678904065546, 4.403760559154007, 4.3512799784822285, 4.450782757885051, 4.46695262980911, 4.363423860298012, 4.523344687695773, 4.439284279661359, 4.348647387522571, 4.475364936972564, 4.440128083498973, 4.292291065431991, 4.4322004318237305, 4.461519772151731, 4.38187537103329]
Received data: [(0, 23), (0, 26815), (0, 613), (0, 283194), (0, 21), (0, 281487), (1, 21), (1, 281487), (2, 19), (2, 21), (2, 281487), (3, 19), (3, 19), (3, 21), (3, 281487), (4, 19), (4, 21), (4, 281487), (5, 21), (5, 281487), (6, 21), (6, 281487), (7, 19), (7, 21), (7, 281487), (8, 21), (8, 281487), (9, 19), (9, 21), (9, 281487)]
Send data: [(0, 23), (1, 281487), (2, 281487), (2, 281487), (3, 281487), (3, 281487), (3, 281487), (4, 281487), (4, 281487), (5, 281487), (6, 281487), (7, 281487), (7, 281487), (8, 281487), (9, 281487), (9, 281487)]
Strategies (if used): ['Strategy 1', 'Strategy 1', 'Strategy 1', 'Strategy 1', 'Strategy 1', 'Strategy 1', 'Strategy 1', 'Strategy 1', 'Strategy 1']


Information from Client_3:

Signals: ['Skip', 'Update', 'Update', 'Skip', 'Update', 'Update', 'Update', 'Update', 'Update', 'Update', 'Update', 'Update', 'Skip', 'Update', 'Update', 'Finish', None]
Data distribution: [(0, 40), (1, 33), (2, 35), (3, 34), (4, 30), (5, 30), (6, 32), (7, 29), (8, 29), (9, 32), (10, 26), (11, 40), (12, 28), (13, 34), (14, 34), (15, 30), (16, 29), (17, 31), (18, 29), (19, 33), (20, 36), (21, 41), (22, 38), (23, 28), (24, 43), (25, 39), (26, 42), (27, 35), (28, 34), (29, 35), (30, 20), (31, 27), (32, 44), (33, 25), (34, 41), (35, 33), (36, 35), (37, 26), (38, 28), (39, 35), (40, 36), (41, 33), (42, 37), (43, 23), (44, 43), (45, 35), (46, 28), (47, 31), (48, 22), (49, 34), (50, 33), (51, 37), (52, 31), (53, 35), (54, 43), (55, 27), (56, 33), (57, 25), (58, 33), (59, 36), (60, 22), (61, 28), (62, 35), (63, 29), (64, 35), (65, 37), (66, 32), (67, 37), (68, 32), (69, 31), (70, 40), (71, 30), (72, 39), (73, 44), (74, 34), (75, 23), (76, 37), (77, 50), (78, 33), (79, 21), (80, 37), (81, 42), (82, 38), (83, 40), (84, 26), (85, 36), (86, 29), (87, 35), (88, 23), (89, 35), (90, 33), (91, 29), (92, 37), (93, 36), (94, 27), (95, 32), (96, 37), (97, 44), (98, 40), (99, 30)]
Accuracy: [0.0204020402040204, 0.0318031803180318, 0.0429042904290429, 0.017101710171017102, 0.027602760276027604, 0.034503450345034506, 0.024602460246024603, 0.032403240324032405, 0.0423042304230423, 0.0354035403540354, 0.043204320432043204, 0.0426042604260426, 0.0177017701770177, 0.021002100210021003, 0.032103210321032104, 0.0306030603060306, 0.029402940294029404, 0.041404140414041404, 0.0297029702970297, 0.03660366036603661, 0.0372037203720372, 0.022502250225022502, 0.027002700270027002, 0.0405040504050405, 0.0315031503150315, 0.04020402040204021, 0.045304530453045305, 0.027302730273027303, 0.035703570357035704, 0.039903990399039906, 0.026102610261026102, 0.0306030603060306, 0.0393039303930393, 0.032103210321032104, 0.0369036903690369, 0.043204320432043204]
Loss: [4.550999803363152, 4.433124389288561, 4.41204189804365, 4.577672220625967, 4.522622558305848, 4.458387122963959, 4.499813970529808, 4.461393896138893, 4.382752773896703, 4.4447688246673005, 4.387649994976115, 4.3819269954033615, 4.555353083700504, 4.534466257635152, 4.475690085932894, 4.4719267071418045, 4.458099671129911, 4.3935040887796655, 4.46793483338266, 4.4272538491015165, 4.378670845391615, 4.548997726080553, 4.462569623623255, 4.381693075288017, 4.479857399778546, 4.4046073139838455, 4.319629327306208, 4.4648724322049125, 4.418809485885332, 4.378296330290021, 4.514785010859652, 4.462824974419935, 4.390422857032632, 4.4793700227197615, 4.448183113673948, 4.377668965537593]
Received data: [(0, 23), (0, 26815), (0, 613), (0, 283194), (0, 19), (0, 21), (0, 281487), (1, 21), (1, 281487), (2, 19), (2, 21), (2, 281487), (3, 21), (3, 281487), (4, 21), (4, 281487), (5, 21), (5, 281487), (6, 21), (6, 281487), (7, 21), (7, 281487), (8, 21), (8, 281487), (9, 21), (9, 281487), (10, 19), (10, 21), (10, 281487), (11, 21), (11, 281487), (12, 21), (12, 281487)]
Send data: [(0, 23), (0, 281487), (1, 281487), (2, 281487), (2, 281487), (3, 281487), (4, 281487), (5, 281487), (6, 281487), (7, 281487), (8, 281487), (9, 281487), (10, 281487), (10, 281487), (11, 281487), (12, 281487)]
Strategies (if used): ['Strategy 1', 'Strategy 1', 'Strategy 1', 'Strategy 1', 'Strategy 1', 'Strategy 1', 'Strategy 1', 'Strategy 1', 'Strategy 1', 'Strategy 1', 'Strategy 1', 'Strategy 1']


Information from Client_2:

Signals: ['Update', 'Skip', 'Update', 'Update', 'Update', 'Update', 'Skip', 'Update', 'Skip', 'Skip', 'Skip', 'Update', 'Update', 'Skip', 'Update', 'Finish', None]
Data distribution: [(0, 28), (1, 37), (2, 31), (3, 33), (4, 37), (5, 33), (6, 28), (7, 32), (8, 41), (9, 31), (10, 45), (11, 32), (12, 34), (13, 28), (14, 38), (15, 34), (16, 32), (17, 33), (18, 31), (19, 39), (20, 39), (21, 31), (22, 35), (23, 32), (24, 29), (25, 35), (26, 30), (27, 35), (28, 30), (29, 32), (30, 33), (31, 31), (32, 38), (33, 39), (34, 37), (35, 43), (36, 31), (37, 36), (38, 45), (39, 25), (40, 25), (41, 23), (42, 31), (43, 34), (44, 28), (45, 27), (46, 31), (47, 30), (48, 36), (49, 45), (50, 26), (51, 32), (52, 25), (53, 26), (54, 25), (55, 38), (56, 43), (57, 36), (58, 42), (59, 43), (60, 32), (61, 32), (62, 36), (63, 29), (64, 31), (65, 33), (66, 34), (67, 30), (68, 29), (69, 25), (70, 28), (71, 28), (72, 33), (73, 32), (74, 27), (75, 42), (76, 31), (77, 38), (78, 47), (79, 33), (80, 36), (81, 37), (82, 36), (83, 36), (84, 24), (85, 34), (86, 22), (87, 36), (88, 31), (89, 37), (90, 41), (91, 39), (92, 31), (93, 27), (94, 37), (95, 38), (96, 37), (97, 33), (98, 32), (99, 30)]
Accuracy: [0.027602760276027604, 0.037803780378037805, 0.057905790579057904, 0.024302430243024302, 0.032403240324032405, 0.047404740474047406, 0.023402340234023402, 0.027302730273027303, 0.0423042304230423, 0.018001800180018002, 0.0297029702970297, 0.038103810381038106, 0.024602460246024603, 0.036303630363036306, 0.038103810381038106, 0.022802280228022803, 0.027002700270027002, 0.036003600360036005, 0.0306030603060306, 0.0369036903690369, 0.049204920492049206, 0.0213021302130213, 0.032703270327032706, 0.031203120312031204, 0.025802580258025804, 0.0387038703870387, 0.05520552055205521]
Loss: [4.576887319672783, 4.472574899781425, 4.274342986772645, 4.630485705609591, 4.485317797031042, 4.398086259949882, 4.497122179787114, 4.460928772980312, 4.389346149732482, 4.538798719082239, 4.445584872983536, 4.367807887635141, 4.516434039709703, 4.415958215605538, 4.413335125401335, 4.496783139570704, 4.521423294859113, 4.4184550879136575, 4.474302075943857, 4.460840666069175, 4.3519364662890165, 4.518087782949771, 4.4392309683673785, 4.458126562946248, 4.47788805331824, 4.382419145332192, 4.311582367375212]
Received data: [(0, 23), (0, 26815), (0, 613), (0, 283194), (0, 21), (0, 281487), (1, 19), (1, 21), (1, 281487), (2, 21), (2, 281487), (3, 21), (3, 281487), (4, 21), (4, 281487), (5, 19), (5, 21), (5, 281487), (6, 19), (6, 19), (6, 19), (6, 21), (6, 281487), (7, 21), (7, 281487), (8, 19), (8, 21), (8, 281487), (9, 21), (9, 281487)]
Send data: [(0, 23), (1, 281487), (1, 281487), (2, 281487), (3, 281487), (4, 281487), (5, 281487), (5, 281487), (6, 281487), (6, 281487), (6, 281487), (6, 281487), (7, 281487), (8, 281487), (8, 281487), (9, 281487)]
Strategies (if used): ['Strategy 1', 'Strategy 1', 'Strategy 1', 'Strategy 1', 'Strategy 1', 'Strategy 1', 'Strategy 1', 'Strategy 1', 'Strategy 1']


Duration: 452 minutes 49 seconds
