The following training was conducted:

C: 0.8
K: 3
R: 15
E: 3
B: 64
optimizer: <class 'torch.optim.adam.Adam'>
criterion: CrossEntropyLoss()
lr: 0.01
data_name: CIFAR10
iid: True
shards_each: 2
ternary: True
personalized: False
model: <class 'models.Net_4'>
LESS_DATA: 10000
SERVER_TEST_SIZE: 1000
SERVER_TRAIN_SIZE: 1000


Information from Server:

Accuracy: [0.109, 0.22, 0.222, 0.233, 0.242, 0.305, 0.318, 0.349, 0.335, 0.34, 0.336, 0.349, 0.347, 0.35, 0.357]
Loss: [2.330020174384117, 2.0015577003359795, 1.9647705107927322, 1.981307327747345, 1.9510115012526512, 1.8211419507861137, 1.7742985114455223, 1.7454369217157364, 1.7301593720912933, 1.754072055220604, 1.7705413848161697, 1.7794881537556648, 1.725707933306694, 1.6986225247383118, 1.7098934575915337]
Received data: [(1, 23), (1, 23), (1, 23), (2, 250878), (2, 250878), (2, 250878), (3, 250878), (3, 250878), (3, 250878), (4, 250878), (4, 250878), (4, 250878), (5, 250878), (5, 250878), (5, 250878), (6, 250878), (6, 250878), (6, 250878), (7, 250878), (7, 250878), (7, 250878), (8, 250878), (8, 250878), (8, 250878), (9, 250878), (9, 250878), (9, 250878), (10, 250878), (10, 250878), (10, 250878), (11, 250878), (11, 250878), (11, 250878), (12, 250878), (12, 250878), (12, 250878), (13, 250878), (13, 250878), (13, 250878), (14, 250878), (14, 250878), (14, 250878), (15, 250878), (15, 250878), (15, 250878), (16, 250878), (16, 250878), (16, 250878)]
Send data: [(1, 22), (1, 26815), (1, 612), (1, 252585), (1, 22), (1, 26815), (1, 612), (1, 252585), (1, 22), (1, 26815), (1, 612), (1, 252585), (2, 19), (2, 21), (2, 250878), (2, 21), (2, 250878), (3, 21), (3, 19), (3, 21), (3, 250878), (3, 250878), (4, 21), (4, 21), (4, 19), (4, 250878), (4, 250878), (5, 21), (5, 19), (5, 21), (5, 250878), (5, 250878), (6, 21), (6, 21), (6, 19), (6, 250878), (6, 250878), (7, 19), (7, 21), (7, 21), (7, 250878), (7, 250878), (8, 21), (8, 250878), (8, 19), (8, 21), (8, 250878), (9, 21), (9, 21), (9, 19), (9, 250878), (9, 250878), (10, 19), (10, 21), (10, 21), (10, 250878), (10, 250878), (11, 21), (11, 21), (11, 19), (11, 250878), (11, 250878), (12, 21), (12, 19), (12, 21), (12, 250878), (12, 250878), (13, 19), (13, 21), (13, 21), (13, 250878), (13, 250878), (14, 19), (14, 21), (14, 21), (14, 250878), (14, 250878), (15, 21), (15, 19), (15, 21), (15, 250878), (15, 250878), (16, 21), (16, 21), (16, 19), (16, 250878), (16, 250878), (16, 21), (16, 250878), (16, 21), (16, 250878), (16, 21), (16, 250878)]


Information from Client_2:

Signals: ['Update', 'Skip', 'Update', 'Skip', 'Update', 'Update', 'Skip', 'Update', 'Update', 'Update', 'Skip', 'Update', 'Update', 'Skip', 'Update', 'Finish', None]
Data distribution: [(0, 305), (1, 348), (2, 355), (3, 357), (4, 334), (5, 328), (6, 337), (7, 308), (8, 327), (9, 334)]
Accuracy: [0.252025202520252, 0.20342034203420342, 0.22532253225322532, 0.26372637263726373, 0.27662766276627665, 0.30423042304230424, 0.25412541254125415, 0.2664266426642664, 0.30603060306030605, 0.34293429342934295, 0.34683468346834684, 0.3309330933093309, 0.35253525352535253, 0.3726372637263726, 0.37173717371737175, 0.40174017401740175, 0.39633963396339633, 0.38733873387338735, 0.4071407140714071, 0.44554455445544555, 0.47644764476447643, 0.399039903990399, 0.4089408940894089, 0.4365436543654365, 0.39003900390039004, 0.48934893489348935, 0.48874887488748875, 0.46744674467446745, 0.4608460846084608, 0.49504950495049505]
Loss: [1.9745188816538397, 2.169189527349652, 1.9437532065049656, 1.904470108590036, 1.8909655674448553, 1.9974380709090322, 1.9468514356973037, 1.9219094807246946, 1.8346457953722972, 1.7903948977308453, 1.719220370616553, 1.7909438452630673, 1.6825061845329572, 1.6934258892851055, 1.679898223786984, 1.6137767625304889, 1.6372745486925233, 1.6966579140357252, 1.6041139656642698, 1.5376393345167052, 1.4255090074719123, 1.6517909630289618, 1.5737505926276154, 1.5108048893370718, 1.6331938730095916, 1.3981759188310154, 1.3784478452970397, 1.4454463562875424, 1.4412504007231515, 1.411142866566496]
Received data: [(0, 22), (0, 26815), (0, 612), (0, 252585), (0, 21), (0, 250878), (1, 19), (1, 21), (1, 250878), (2, 19), (2, 21), (2, 250878), (3, 21), (3, 250878), (4, 19), (4, 21), (4, 250878), (5, 21), (5, 250878), (6, 21), (6, 250878), (7, 19), (7, 21), (7, 250878), (8, 21), (8, 250878), (9, 19), (9, 21), (9, 250878), (10, 21), (10, 250878)]
Send data: [(0, 23), (1, 250878), (1, 250878), (2, 250878), (2, 250878), (3, 250878), (4, 250878), (4, 250878), (5, 250878), (6, 250878), (7, 250878), (7, 250878), (8, 250878), (9, 250878), (9, 250878), (10, 250878)]
Strategies (if used): ['Strategy 1', 'Strategy 2', 'Strategy 2', 'Strategy 2', 'Strategy 2', 'Strategy 2', 'Strategy 2', 'Strategy 2', 'Strategy 2', 'Strategy 2']


Information from Client_3:

Signals: ['Update', 'Update', 'Skip', 'Update', 'Skip', 'Update', 'Update', 'Skip', 'Update', 'Skip', 'Update', 'Update', 'Update', 'Update', 'Skip', 'Finish', None]
Data distribution: [(0, 307), (1, 350), (2, 324), (3, 318), (4, 333), (5, 324), (6, 344), (7, 333), (8, 351), (9, 349)]
Accuracy: [0.22802280228022803, 0.2658265826582658, 0.2838283828382838, 0.23822382238223822, 0.26222622262226225, 0.2796279627962796, 0.23252325232523252, 0.1851185118511851, 0.24002400240024002, 0.2577257725772577, 0.25292529252925294, 0.3159315931593159, 0.33303330333033304, 0.31113111311131114, 0.36363636363636365, 0.3552355235523552, 0.40354035403540356, 0.4245424542454245, 0.42304230423042305, 0.40384038403840383, 0.38673867386738675, 0.40474047404740476, 0.45604560456045606, 0.465946594659466, 0.43504350435043504, 0.46264626462646263, 0.46234623462346236, 0.46324632463246324, 0.4671467146714671, 0.47554755475547555]
Loss: [2.1227743895548694, 1.962250626312112, 1.9372395434469547, 2.0015867341239497, 1.9226832299862269, 1.9177434961750823, 2.058830735818395, 2.07625715912513, 2.0509639573547074, 1.9544784213012119, 1.9057296402049515, 1.7661563248004553, 1.8131939645083446, 1.7773569237511113, 1.7342270432778124, 1.7126935158135757, 1.6204384160491656, 1.5257726862745464, 1.684276430112011, 1.6295520022230328, 1.681267036581939, 1.6263624294748846, 1.4992921959679082, 1.4712906086219932, 1.5736160053397126, 1.509376343691124, 1.4522424014109485, 1.5142013509318513, 1.4702734272435027, 1.4147346874452986]
Received data: [(0, 22), (0, 26815), (0, 612), (0, 252585), (0, 21), (0, 250878), (1, 21), (1, 250878), (2, 19), (2, 21), (2, 250878), (3, 19), (3, 21), (3, 250878), (4, 21), (4, 250878), (5, 19), (5, 21), (5, 250878), (6, 19), (6, 21), (6, 250878), (7, 21), (7, 250878), (8, 21), (8, 250878), (9, 21), (9, 250878), (10, 19), (10, 21), (10, 250878)]
Send data: [(0, 23), (1, 250878), (2, 250878), (2, 250878), (3, 250878), (3, 250878), (4, 250878), (5, 250878), (5, 250878), (6, 250878), (6, 250878), (7, 250878), (8, 250878), (9, 250878), (10, 250878), (10, 250878)]
Strategies (if used): ['Strategy 2', 'Strategy 2', 'Strategy 2', 'Strategy 2', 'Strategy 2', 'Strategy 2', 'Strategy 2', 'Strategy 2', 'Strategy 2', 'Strategy 2']


Information from Client_1:

Signals: ['Skip', 'Update', 'Update', 'Update', 'Update', 'Skip', 'Update', 'Update', 'Skip', 'Update', 'Update', 'Skip', 'Skip', 'Update', 'Update', 'Finish', None]
Data distribution: [(0, 347), (1, 300), (2, 329), (3, 340), (4, 343), (5, 310), (6, 332), (7, 329), (8, 364), (9, 339)]
Accuracy: [0.2838283828382838, 0.21392139213921393, 0.28412841284128415, 0.2073207320732073, 0.23882388238823882, 0.26432643264326433, 0.27872787278727873, 0.31803180318031804, 0.3177317731773177, 0.26492649264926493, 0.29732973297329734, 0.2694269426942694, 0.33753375337533753, 0.354035403540354, 0.37623762376237624, 0.36033603360336036, 0.39663966396639666, 0.39753975397539754, 0.36993699369936994, 0.41314131413141314, 0.41794179417941796, 0.41104110411041106, 0.44224422442244227, 0.4515451545154515, 0.46564656465646564, 0.45784578457845787, 0.48664866486648667, 0.46384638463846384, 0.48304830483048306, 0.49744974497449745]
Loss: [1.88418625210816, 2.231932766032669, 1.8893856597396563, 2.0045708417892456, 1.9761320307569683, 1.910122662220361, 1.9052463522497214, 1.841530129594623, 1.789674018913845, 1.8864190128614318, 1.8362069399851673, 2.2606752413623736, 1.732941285619196, 1.744596688252575, 1.6863448304950066, 1.6898832883474961, 1.5896029404874117, 1.5641557405579765, 1.6766302833017313, 1.5548474136388526, 1.5424742001407552, 1.5366377200720445, 1.4925561446063924, 1.486009233402756, 1.456441915260171, 1.4980946689281824, 1.395230716129519, 1.4522659013856132, 1.4060974615924764, 1.3715878949975067]
Received data: [(0, 22), (0, 26815), (0, 612), (0, 252585), (0, 19), (0, 21), (0, 250878), (1, 21), (1, 250878), (2, 21), (2, 250878), (3, 21), (3, 250878), (4, 19), (4, 21), (4, 250878), (5, 21), (5, 250878), (6, 19), (6, 21), (6, 250878), (7, 21), (7, 250878), (8, 19), (8, 19), (8, 21), (8, 250878), (9, 21), (9, 250878), (10, 21), (10, 250878)]
Send data: [(0, 23), (0, 250878), (1, 250878), (2, 250878), (3, 250878), (4, 250878), (4, 250878), (5, 250878), (6, 250878), (6, 250878), (7, 250878), (8, 250878), (8, 250878), (8, 250878), (9, 250878), (10, 250878)]
Strategies (if used): ['Strategy 2', 'Strategy 2', 'Strategy 2', 'Strategy 1', 'Strategy 2', 'Strategy 2', 'Strategy 2', 'Strategy 2', 'Strategy 2', 'Strategy 2']


Duration: 1180 minutes 45 seconds
