The following training was conducted:

C: 0.8
K: 3
R: 15
E: 3
B: 64
optimizer: <class 'torch.optim.adam.Adam'>
criterion: CrossEntropyLoss()
lr: 0.01
data_name: MNIST
shards_each: 2
ternary: False
personalized: True
iid: True
model: <class 'models.Net_2'>
LESS_DATA: 1000
SERVER_TEST_SIZE: 1000
SERVER_TRAIN_SIZE: 100


Information from Server:

Accuracy: [0.1, 0.1, 0.04, 0.11, 0.15, 0.18, 0.05, 0.1, 0.11, 0.1, 0.1, 0.16, 0.07, 0.06, 0.2]
Loss: [3.3098140954971313, 2.3159093856811523, 2.978196382522583, 2.3405009508132935, 2.3108383417129517, 2.6573967933654785, 3.4023646116256714, 2.3120070695877075, 2.3189496994018555, 2.4241827726364136, 2.3198845386505127, 2.2909330129623413, 2.7440199851989746, 2.584148406982422, 2.7350820302963257]
Received data: [(1, 23), (1, 23), (1, 23), (2, 117919), (2, 117919), (2, 117919), (3, 117919), (3, 117919), (3, 117919), (4, 117919), (4, 117919), (4, 117919), (5, 117919), (5, 117919), (5, 117919), (6, 117919), (6, 117919), (6, 117919), (7, 117919), (7, 117919), (7, 117919), (8, 117919), (8, 117919), (8, 117919), (9, 117919), (9, 117919), (9, 117919), (10, 117919), (10, 117919), (10, 117919), (11, 117919), (11, 117919), (11, 117919), (12, 117919), (12, 117919), (12, 117919), (13, 117919), (13, 117919), (13, 117919), (14, 117919), (14, 117919), (14, 117919), (15, 117919), (15, 117919), (15, 117919), (16, 117919), (16, 117919), (16, 117919)]
Send data: [(1, 20), (1, 2815), (1, 610), (1, 119468), (1, 20), (1, 2815), (1, 610), (1, 119468), (1, 20), (1, 2815), (1, 610), (1, 119468), (2, 19), (2, 21), (2, 117919), (2, 21), (2, 117919), (3, 21), (3, 117919), (3, 19), (3, 21), (3, 117919), (4, 21), (4, 19), (4, 21), (4, 117919), (4, 117919), (5, 19), (5, 21), (5, 21), (5, 117919), (5, 117919), (6, 21), (6, 19), (6, 21), (6, 117919), (6, 117919), (7, 19), (7, 21), (7, 21), (7, 117919), (7, 117919), (8, 19), (8, 21), (8, 117919), (8, 21), (8, 117919), (9, 21), (9, 21), (9, 117919), (9, 117919), (9, 19), (10, 21), (10, 21), (10, 19), (10, 117919), (10, 117919), (11, 21), (11, 117919), (11, 19), (11, 21), (11, 117919), (12, 21), (12, 19), (12, 117919), (12, 21), (12, 117919), (13, 19), (13, 21), (13, 21), (13, 117919), (13, 117919), (14, 21), (14, 21), (14, 19), (14, 117919), (14, 117919), (15, 19), (15, 21), (15, 21), (15, 117919), (15, 117919), (16, 21), (16, 19), (16, 21), (16, 117919), (16, 117919), (16, 21), (16, 117919), (16, 21), (16, 117919), (16, 21), (16, 117919)]


Information from Client_2:

Signals: ['Update', 'Update', 'Update', 'Update', 'Update', 'Update', 'Update', 'Skip', 'Skip', 'Update', 'Update', 'Update', 'Skip', 'Update', 'Update', 'Finish', None]
Data distribution: [(0, 37), (1, 32), (2, 33), (3, 34), (4, 30), (5, 40), (6, 36), (7, 32), (8, 34), (9, 25)]
Accuracy: [0.14114114114114115, 0.6126126126126126, 0.7297297297297297, 0.0960960960960961, 0.0960960960960961, 0.0960960960960961, 0.11711711711711711, 0.21621621621621623, 0.23123123123123124, 0.2132132132132132, 0.37537537537537535, 0.5615615615615616, 0.2012012012012012, 0.33633633633633636, 0.4174174174174174, 0.35435435435435436, 0.4804804804804805, 0.6816816816816816, 0.11711711711711711, 0.13813813813813813, 0.34234234234234234, 0.24924924924924924, 0.4024024024024024, 0.5825825825825826, 0.16516516516516516, 0.2972972972972973, 0.5375375375375375, 0.26126126126126126, 0.39039039039039036, 0.5315315315315315, 0.16216216216216217, 0.23123123123123124, 0.4084084084084084, 0.23123123123123124, 0.44744744744744747, 0.6546546546546547]
Loss: [2.152254581451416, 1.693598488966624, 0.9393231670061747, 2.300842007001241, 2.305401881535848, 2.3064358631769815, 2.278014063835144, 2.1852036714553833, 2.0777340133984885, 2.0694297154744468, 1.7399407625198364, 1.289596567551295, 2.243716915448507, 1.958053708076477, 1.620142122109731, 1.9185067812601726, 1.5441391666730244, 1.0231640835603077, 2.295253316561381, 2.2710008223851523, 1.792670468489329, 2.0358961820602417, 1.6049699584643047, 1.1046944856643677, 2.2406159241994223, 1.8962706526120503, 1.3652877807617188, 2.021796703338623, 1.7034467458724976, 1.3269111116727192, 2.282567818959554, 2.1039377252260842, 1.7275379101435344, 2.0402533610661826, 1.6119095087051392, 0.970493326584498]
Received data: [(0, 20), (0, 2815), (0, 610), (0, 119468), (0, 21), (0, 117919), (1, 21), (1, 117919), (2, 21), (2, 117919), (3, 21), (3, 117919), (4, 21), (4, 117919), (5, 21), (5, 117919), (6, 21), (6, 117919), (7, 19), (7, 19), (7, 21), (7, 117919), (8, 21), (8, 117919), (9, 21), (9, 117919), (10, 19), (10, 21), (10, 117919), (11, 21), (11, 117919), (12, 21), (12, 117919)]
Send data: [(0, 23), (1, 117919), (2, 117919), (3, 117919), (4, 117919), (5, 117919), (6, 117919), (7, 117919), (7, 117919), (7, 117919), (8, 117919), (9, 117919), (10, 117919), (10, 117919), (11, 117919), (12, 117919)]
Strategies (if used): []


Information from Client_3:

Signals: ['Update', 'Skip', 'Skip', 'Update', 'Skip', 'Update', 'Update', 'Update', 'Update', 'Skip', 'Skip', 'Update', 'Update', 'Update', 'Skip', 'Finish', None]
Data distribution: [(0, 41), (1, 33), (2, 30), (3, 35), (4, 34), (5, 36), (6, 25), (7, 39), (8, 37), (9, 23)]
Accuracy: [0.4864864864864865, 0.7357357357357357, 0.8468468468468469, 0.06906906906906907, 0.06906906906906907, 0.10510510510510511, 0.2882882882882883, 0.3813813813813814, 0.5885885885885885, 0.3783783783783784, 0.5135135135135135, 0.7477477477477478, 0.10810810810810811, 0.10810810810810811, 0.10810810810810811, 0.1111111111111111, 0.1111111111111111, 0.1111111111111111, 0.24624624624624625, 0.4144144144144144, 0.5495495495495496, 0.2912912912912913, 0.4174174174174174, 0.5015015015015015, 0.22522522522522523, 0.3963963963963964, 0.5735735735735735]
Loss: [1.824393351872762, 0.8292124768098196, 0.49863793949286145, 2.31133242448171, 2.3110626141230264, 2.3056803146998086, 2.083982825279236, 1.7557929356892903, 1.3213932712872822, 1.8039334416389465, 1.263347566127777, 0.7954738338788351, 2.317212382952372, 2.2980194091796875, 2.304561416308085, 2.315770387649536, 2.304925719896952, 2.3013961712519326, 2.0239285230636597, 1.649490972359975, 1.3082353870073955, 2.0919567346572876, 1.7482866048812866, 1.3628520667552948, 2.1071669260660806, 1.7329500118891399, 1.2028327683607738]
Received data: [(0, 20), (0, 2815), (0, 610), (0, 119468), (0, 21), (0, 117919), (1, 19), (1, 19), (1, 21), (1, 117919), (2, 19), (2, 21), (2, 117919), (3, 21), (3, 117919), (4, 21), (4, 117919), (5, 21), (5, 117919), (6, 19), (6, 19), (6, 21), (6, 117919), (7, 21), (7, 117919), (8, 21), (8, 117919), (9, 19), (9, 21), (9, 117919)]
Send data: [(0, 23), (1, 117919), (1, 117919), (1, 117919), (2, 117919), (2, 117919), (3, 117919), (4, 117919), (5, 117919), (6, 117919), (6, 117919), (6, 117919), (7, 117919), (8, 117919), (9, 117919), (9, 117919)]
Strategies (if used): []


Information from Client_1:

Signals: ['Skip', 'Update', 'Update', 'Skip', 'Update', 'Skip', 'Skip', 'Update', 'Update', 'Update', 'Update', 'Skip', 'Update', 'Skip', 'Update', 'Finish', None]
Data distribution: [(0, 30), (1, 25), (2, 39), (3, 41), (4, 33), (5, 37), (6, 28), (7, 33), (8, 28), (9, 39)]
Accuracy: [0.0990990990990991, 0.0990990990990991, 0.0990990990990991, 0.23123123123123124, 0.26426426426426425, 0.34534534534534533, 0.16216216216216217, 0.29429429429429427, 0.47147147147147145, 0.12012012012012012, 0.12612612612612611, 0.23423423423423423, 0.08408408408408409, 0.11711711711711711, 0.11711711711711711, 0.2702702702702703, 0.4294294294294294, 0.5705705705705706, 0.08408408408408409, 0.08408408408408409, 0.12312312312312312, 0.3333333333333333, 0.4114114114114114, 0.4954954954954955, 0.18618618618618618, 0.2882882882882883, 0.5435435435435435]
Loss: [2.3050498167673745, 2.2956525484720864, 2.2937950690587363, 2.219208240509033, 2.1367284059524536, 1.864816665649414, 2.222700754801432, 2.009872615337372, 1.4284980297088623, 2.3057770331700644, 2.273286501566569, 2.107697327931722, 2.3044716517130532, 2.300635019938151, 2.300149401028951, 2.0587705175081887, 1.6550689737002056, 1.098875989516576, 2.316907366116842, 2.305910348892212, 2.3054471810658774, 2.062309145927429, 1.7678061326344807, 1.5347116192181904, 2.2474588553110757, 1.8944899638493855, 1.1814720034599304]
Received data: [(0, 20), (0, 2815), (0, 610), (0, 119468), (0, 19), (0, 21), (0, 117919), (1, 21), (1, 117919), (2, 19), (2, 21), (2, 117919), (3, 19), (3, 19), (3, 21), (3, 117919), (4, 21), (4, 117919), (5, 21), (5, 117919), (6, 21), (6, 117919), (7, 19), (7, 21), (7, 117919), (8, 19), (8, 21), (8, 117919), (9, 21), (9, 117919)]
Send data: [(0, 23), (0, 117919), (1, 117919), (2, 117919), (2, 117919), (3, 117919), (3, 117919), (3, 117919), (4, 117919), (5, 117919), (6, 117919), (7, 117919), (7, 117919), (8, 117919), (8, 117919), (9, 117919)]
Strategies (if used): []


Duration: 19 minutes 8 seconds
