0.0The following training was conducted:

C: 0.8
K: 3
R: 15
E: 3
B: 64
optimizer: <class 'torch.optim.adam.Adam'>
criterion: CrossEntropyLoss()
lr: 0.01
data_name: CIFAR100
iid: True
shards_each: 2
ternary: False
personalized: True
model: <class 'models.Net_4'>
LESS_DATA: 10000
SERVER_TEST_SIZE: 1000
SERVER_TRAIN_SIZE: 1000


Information from Server:

Accuracy: [0.01, 0.01, 0.01, 0.01, 0.01, 0.01, 0.01, 0.01, 0.01, 0.01, 0.01, 0.01, 0.01, 0.01, 0.01]
Loss: [4.616404354572296, 4.616736650466919, 4.6180291175842285, 4.616925925016403, 4.619033306837082, 4.615574806928635, 4.62034347653389, 4.620511770248413, 4.6213028728961945, 4.619349092245102, 4.617152512073517, 4.62230658531189, 4.619658887386322, 4.621385812759399, 4.620861440896988]
Received data: [(1, 23), (1, 23), (1, 23), (2, 281487), (2, 281487), (2, 281487), (3, 281487), (3, 281487), (3, 281487), (4, 281487), (4, 281487), (4, 281487), (5, 281487), (5, 281487), (5, 281487), (6, 281487), (6, 281487), (6, 281487), (7, 281487), (7, 281487), (7, 281487), (8, 281487), (8, 281487), (8, 281487), (9, 281487), (9, 281487), (9, 281487), (10, 281487), (10, 281487), (10, 281487), (11, 281487), (11, 281487), (11, 281487), (12, 281487), (12, 281487), (12, 281487), (13, 281487), (13, 281487), (13, 281487), (14, 281487), (14, 281487), (14, 281487), (15, 281487), (15, 281487), (15, 281487), (16, 281487), (16, 281487), (16, 281487)]
Send data: [(1, 23), (1, 26815), (1, 613), (1, 283194), (1, 23), (1, 26815), (1, 613), (1, 283194), (1, 23), (1, 26815), (1, 613), (1, 283194), (2, 21), (2, 19), (2, 21), (2, 281487), (2, 281487), (3, 21), (3, 21), (3, 19), (3, 281487), (3, 281487), (4, 21), (4, 19), (4, 21), (4, 281487), (4, 281487), (5, 21), (5, 19), (5, 21), (5, 281487), (5, 281487), (6, 21), (6, 21), (6, 19), (6, 281487), (6, 281487), (7, 21), (7, 19), (7, 281487), (7, 21), (7, 281487), (8, 21), (8, 21), (8, 281487), (8, 19), (8, 281487), (9, 21), (9, 19), (9, 21), (9, 281487), (9, 281487), (10, 21), (10, 19), (10, 21), (10, 281487), (10, 281487), (11, 21), (11, 19), (11, 21), (11, 281487), (11, 281487), (12, 19), (12, 21), (12, 21), (12, 281487), (12, 281487), (13, 21), (13, 19), (13, 21), (13, 281487), (13, 281487), (14, 19), (14, 21), (14, 21), (14, 281487), (14, 281487), (15, 21), (15, 19), (15, 21), (15, 281487), (15, 281487), (16, 21), (16, 21), (16, 19), (16, 281487), (16, 281487), (16, 21), (16, 281487), (16, 21), (16, 281487), (16, 21), (16, 281487)]


Information from Client_1:

Signals: ['Update', 'Update', 'Update', 'Update', 'Update', 'Update', 'Update', 'Update', 'Update', 'Update', 'Skip', 'Update', 'Skip', 'Update', 'Update', 'Finish', None]
Data distribution: [(0, 35), (1, 29), (2, 34), (3, 47), (4, 39), (5, 49), (6, 24), (7, 37), (8, 31), (9, 27), (10, 24), (11, 31), (12, 29), (13, 36), (14, 27), (15, 23), (16, 30), (17, 36), (18, 33), (19, 30), (20, 37), (21, 42), (22, 37), (23, 32), (24, 28), (25, 35), (26, 32), (27, 33), (28, 38), (29, 35), (30, 34), (31, 35), (32, 21), (33, 27), (34, 44), (35, 36), (36, 38), (37, 27), (38, 35), (39, 39), (40, 38), (41, 25), (42, 36), (43, 28), (44, 26), (45, 47), (46, 33), (47, 29), (48, 40), (49, 23), (50, 18), (51, 38), (52, 33), (53, 40), (54, 37), (55, 24), (56, 32), (57, 37), (58, 41), (59, 41), (60, 36), (61, 30), (62, 31), (63, 31), (64, 26), (65, 36), (66, 31), (67, 27), (68, 34), (69, 30), (70, 32), (71, 41), (72, 33), (73, 34), (74, 31), (75, 35), (76, 39), (77, 36), (78, 29), (79, 24), (80, 35), (81, 27), (82, 23), (83, 45), (84, 41), (85, 33), (86, 26), (87, 31), (88, 26), (89, 33), (90, 31), (91, 40), (92, 31), (93, 36), (94, 39), (95, 46), (96, 32), (97, 40), (98, 32), (99, 38)]
Accuracy: [0.012001200120012, 0.014101410141014101, 0.014701470147014702, 0.014101410141014101, 0.009900990099009901, 0.013801380138013802, 0.0093009300930093, 0.009600960096009602, 0.0093009300930093, 0.011701170117011701, 0.013801380138013802, 0.014101410141014101, 0.010801080108010801, 0.009900990099009901, 0.012001200120012, 0.010801080108010801, 0.0102010201020102, 0.011401140114011402, 0.013801380138013802, 0.014101410141014101, 0.0093009300930093, 0.014101410141014101, 0.012601260126012601, 0.014701470147014702, 0.014701470147014702, 0.012301230123012302, 0.012301230123012302, 0.014101410141014101, 0.014701470147014702, 0.013201320132013201, 0.0072007200720072, 0.014701470147014702, 0.013201320132013201, 0.011701170117011701, 0.014101410141014101, 0.012001200120012, 0.010801080108010801, 0.014701470147014702, 0.012301230123012302]
Loss: [4.59891602678119, 4.594521783432871, 4.598211702310814, 4.599005150345136, 4.604716489899833, 4.608523638743274, 4.605861942723112, 4.6304952423527554, 4.620022665779546, 4.609460920657751, 4.593723207149866, 4.604662103473015, 4.622479663704926, 4.631384606631297, 4.602100651219206, 4.607979468579562, 4.6109415090309, 4.609604601590139, 4.6122479258843185, 4.618171305026648, 4.62481845099971, 4.595188320807691, 4.616042479029241, 4.596771411175998, 4.603360023138658, 4.599750464817263, 4.599763213463549, 4.594954724581736, 4.59571520787365, 4.593041950801633, 4.6140214272265165, 4.602791903153905, 4.602538612653625, 4.598583131466272, 4.596311380278389, 4.609873249845685, 4.601552054567157, 4.605715499733979, 4.619988918304443]
Received data: [(0, 23), (0, 26815), (0, 613), (0, 283194), (0, 21), (0, 281487), (1, 21), (1, 281487), (2, 21), (2, 281487), (3, 21), (3, 281487), (4, 21), (4, 281487), (5, 21), (5, 281487), (6, 21), (6, 281487), (7, 21), (7, 281487), (8, 21), (8, 281487), (9, 21), (9, 281487), (10, 19), (10, 21), (10, 281487), (11, 19), (11, 21), (11, 281487), (12, 21), (12, 281487), (13, 21), (13, 281487)]
Send data: [(0, 23), (1, 281487), (2, 281487), (3, 281487), (4, 281487), (5, 281487), (6, 281487), (7, 281487), (8, 281487), (9, 281487), (10, 281487), (10, 281487), (11, 281487), (11, 281487), (12, 281487), (13, 281487)]
Strategies (if used): []


Information from Client_3:

Signals: ['Update', 'Skip', 'Update', 'Update', 'Skip', 'Update', 'Skip', 'Update', 'Update', 'Update', 'Update', 'Update', 'Update', 'Update', 'Skip', 'Finish', None]
Data distribution: [(0, 26), (1, 32), (2, 49), (3, 32), (4, 37), (5, 43), (6, 31), (7, 40), (8, 32), (9, 40), (10, 44), (11, 44), (12, 36), (13, 33), (14, 40), (15, 36), (16, 31), (17, 26), (18, 38), (19, 33), (20, 38), (21, 28), (22, 36), (23, 35), (24, 34), (25, 38), (26, 23), (27, 34), (28, 32), (29, 29), (30, 27), (31, 39), (32, 34), (33, 25), (34, 36), (35, 33), (36, 28), (37, 29), (38, 39), (39, 36), (40, 19), (41, 43), (42, 25), (43, 35), (44, 31), (45, 31), (46, 26), (47, 36), (48, 26), (49, 39), (50, 42), (51, 32), (52, 28), (53, 41), (54, 32), (55, 26), (56, 43), (57, 28), (58, 34), (59, 29), (60, 31), (61, 29), (62, 36), (63, 40), (64, 27), (65, 32), (66, 35), (67, 28), (68, 37), (69, 38), (70, 24), (71, 26), (72, 23), (73, 30), (74, 26), (75, 33), (76, 27), (77, 33), (78, 37), (79, 27), (80, 30), (81, 39), (82, 33), (83, 36), (84, 28), (85, 31), (86, 43), (87, 36), (88, 47), (89, 26), (90, 36), (91, 27), (92, 31), (93, 31), (94, 38), (95, 41), (96, 37), (97, 37), (98, 32), (99, 33)]
Accuracy: [0.018001800180018002, 0.039003900390039, 0.0429042904290429, 0.010801080108010801, 0.011701170117011701, 0.012001200120012, 0.010801080108010801, 0.014701470147014702, 0.010801080108010801, 0.012001200120012, 0.012001200120012, 0.012301230123012302, 0.014701470147014702, 0.014701470147014702, 0.014701470147014702, 0.012901290129012902, 0.013201320132013201, 0.014701470147014702, 0.011701170117011701, 0.010501050105010502, 0.014701470147014702, 0.0111011101110111, 0.012901290129012902, 0.009600960096009602, 0.013201320132013201, 0.014101410141014101, 0.014701470147014702, 0.014701470147014702, 0.012001200120012, 0.014701470147014702, 0.010501050105010502, 0.014101410141014101, 0.012901290129012902]
Loss: [4.519269241476959, 4.380722765652639, 4.350130908894089, 4.613679615956433, 4.611402187707289, 4.606628184048635, 4.608883722773138, 4.60891211707637, 4.6115250137617005, 4.618396147242132, 4.611645509611885, 4.6020821715300935, 4.610583881162247, 4.613877980214245, 4.6012251332121075, 4.611574811755486, 4.604164483412257, 4.593211218995868, 4.61226564983152, 4.6066178195881395, 4.604470810800229, 4.620925093596837, 4.644801103843833, 4.6075191227894905, 4.607038093063067, 4.601497227290891, 4.598029811427279, 4.599390398781255, 4.598348905455391, 4.602286779655601, 4.601607376674436, 4.599346394808787, 4.614864493316075]
Received data: [(0, 23), (0, 26815), (0, 613), (0, 283194), (0, 21), (0, 281487), (1, 19), (1, 21), (1, 281487), (2, 21), (2, 281487), (3, 19), (3, 21), (3, 281487), (4, 19), (4, 21), (4, 281487), (5, 21), (5, 281487), (6, 21), (6, 281487), (7, 21), (7, 281487), (8, 21), (8, 281487), (9, 21), (9, 281487), (10, 21), (10, 281487), (11, 19), (11, 21), (11, 281487)]
Send data: [(0, 23), (1, 281487), (1, 281487), (2, 281487), (3, 281487), (3, 281487), (4, 281487), (4, 281487), (5, 281487), (6, 281487), (7, 281487), (8, 281487), (9, 281487), (10, 281487), (11, 281487), (11, 281487)]
Strategies (if used): []


Information from Client_2:

Signals: ['Skip', 'Update', 'Skip', 'Skip', 'Update', 'Skip', 'Update', 'Skip', 'Skip', 'Skip', 'Update', 'Skip', 'Update', 'Skip', 'Update', 'Finish', None]
Data distribution: [(0, 46), (1, 39), (2, 37), (3, 27), (4, 29), (5, 32), (6, 37), (7, 32), (8, 38), (9, 30), (10, 41), (11, 41), (12, 28), (13, 37), (14, 30), (15, 25), (16, 33), (17, 29), (18, 20), (19, 32), (20, 31), (21, 41), (22, 38), (23, 40), (24, 30), (25, 31), (26, 37), (27, 35), (28, 38), (29, 37), (30, 42), (31, 38), (32, 37), (33, 26), (34, 34), (35, 43), (36, 22), (37, 35), (38, 39), (39, 30), (40, 30), (41, 39), (42, 31), (43, 44), (44, 40), (45, 30), (46, 33), (47, 31), (48, 30), (49, 33), (50, 24), (51, 32), (52, 31), (53, 34), (54, 30), (55, 36), (56, 26), (57, 40), (58, 31), (59, 35), (60, 25), (61, 33), (62, 28), (63, 29), (64, 31), (65, 34), (66, 37), (67, 36), (68, 36), (69, 42), (70, 40), (71, 28), (72, 34), (73, 43), (74, 38), (75, 36), (76, 31), (77, 29), (78, 23), (79, 26), (80, 41), (81, 32), (82, 30), (83, 27), (84, 22), (85, 24), (86, 36), (87, 29), (88, 37), (89, 34), (90, 38), (91, 38), (92, 36), (93, 35), (94, 29), (95, 26), (96, 37), (97, 28), (98, 35), (99, 33)]
Accuracy: [0.0102010201020102, 0.012901290129012902, 0.009600960096009602, 0.012601260126012601, 0.009000900090009001, 0.013801380138013802, 0.006600660066006601, 0.013801380138013802, 0.010801080108010801, 0.013201320132013201, 0.013201320132013201, 0.0111011101110111, 0.0111011101110111, 0.013801380138013802, 0.013201320132013201, 0.011401140114011402, 0.012001200120012, 0.012001200120012]
Loss: [4.613149301061091, 4.621930131372416, 4.619278349966373, 4.623594616943935, 4.609764683921382, 4.602470667857044, 4.616520323843326, 4.604174892857389, 4.6297125816345215, 4.602335174128695, 4.599153734603018, 4.617690527214195, 4.6032220372613875, 4.60068727889151, 4.5972162372661085, 4.613993815655978, 4.607193613952061, 4.606350187985402]
Received data: [(0, 23), (0, 26815), (0, 613), (0, 283194), (0, 19), (0, 21), (0, 281487), (1, 19), (1, 19), (1, 21), (1, 281487), (2, 19), (2, 21), (2, 281487), (3, 19), (3, 19), (3, 19), (3, 21), (3, 281487), (4, 19), (4, 21), (4, 281487), (5, 19), (5, 21), (5, 281487), (6, 21), (6, 281487)]
Send data: [(0, 23), (0, 281487), (1, 281487), (1, 281487), (1, 281487), (2, 281487), (2, 281487), (3, 281487), (3, 281487), (3, 281487), (3, 281487), (4, 281487), (4, 281487), (5, 281487), (5, 281487), (6, 281487)]
Strategies (if used): []


Duration: 355 minutes 21 seconds
