The following training was conducted:

C: 0.8
K: 3
R: 15
E: 3
B: 64
optimizer: <class 'torch.optim.adam.Adam'>
criterion: CrossEntropyLoss()
lr: 0.01
data_name: MNIST
shards_each: 2
ternary: False
personalized: False
iid: True
model: <class 'models.Net_2'>
LESS_DATA: 1000
SERVER_TEST_SIZE: 1000
SERVER_TRAIN_SIZE: 100


Information from Server:

Accuracy: [0.56, 0.91, 0.95, 0.96, 0.94, 0.98, 0.96, 0.97, 0.98, 0.97, 0.98, 0.96, 0.97, 0.98, 0.95]
Loss: [1.9457725882530212, 0.6714967787265778, 0.12616005167365074, 0.09287475794553757, 0.13049432635307312, 0.09685274958610535, 0.10799053683876991, 0.05824500322341919, 0.03525706334039569, 0.05200667621102184, 0.09427028894424438, 0.09838932007551193, 0.1446711402386427, 0.07774966186843812, 0.1620577797293663]
Received data: [(1, 23), (1, 23), (1, 23), (2, 117919), (2, 117919), (2, 117919), (3, 117919), (3, 117919), (3, 117919), (4, 117919), (4, 117919), (4, 117919), (5, 117919), (5, 117919), (5, 117919), (6, 117919), (6, 117919), (6, 117919), (7, 117919), (7, 117919), (7, 117919), (8, 117919), (8, 117919), (8, 117919), (9, 117919), (9, 117919), (9, 117919), (10, 117919), (10, 117919), (10, 117919), (11, 117919), (11, 117919), (11, 117919), (12, 117919), (12, 117919), (12, 117919), (13, 117919), (13, 117919), (13, 117919), (14, 117919), (14, 117919), (14, 117919), (15, 117919), (15, 117919), (15, 117919), (16, 117919), (16, 117919), (16, 117919)]
Send data: [(1, 20), (1, 2815), (1, 610), (1, 119468), (1, 20), (1, 2815), (1, 610), (1, 119468), (1, 20), (1, 2815), (1, 610), (1, 119468), (2, 21), (2, 21), (2, 117919), (2, 117919), (2, 19), (3, 21), (3, 21), (3, 117919), (3, 19), (3, 117919), (4, 19), (4, 21), (4, 21), (4, 117919), (4, 117919), (5, 21), (5, 19), (5, 21), (5, 117919), (5, 117919), (6, 19), (6, 21), (6, 117919), (6, 21), (6, 117919), (7, 19), (7, 21), (7, 117919), (7, 21), (7, 117919), (8, 19), (8, 21), (8, 117919), (8, 21), (8, 117919), (9, 21), (9, 117919), (9, 19), (9, 21), (9, 117919), (10, 19), (10, 21), (10, 21), (10, 117919), (10, 117919), (11, 21), (11, 21), (11, 117919), (11, 19), (11, 117919), (12, 19), (12, 21), (12, 21), (12, 117919), (12, 117919), (13, 19), (13, 21), (13, 21), (13, 117919), (13, 117919), (14, 21), (14, 21), (14, 19), (14, 117919), (14, 117919), (15, 19), (15, 21), (15, 21), (15, 117919), (15, 117919), (16, 21), (16, 19), (16, 21), (16, 117919), (16, 117919), (16, 21), (16, 117919), (16, 21), (16, 117919), (16, 21), (16, 117919)]


Information from Client_1:

Signals: ['Update', 'Update', 'Skip', 'Update', 'Skip', 'Skip', 'Skip', 'Update', 'Skip', 'Update', 'Skip', 'Skip', 'Update', 'Skip', 'Update', 'Finish', None]
Data distribution: [(0, 39), (1, 44), (2, 34), (3, 31), (4, 35), (5, 31), (6, 30), (7, 27), (8, 26), (9, 36)]
Accuracy: [0.16216216216216217, 0.5075075075075075, 0.7357357357357357, 0.7507507507507507, 0.9009009009009009, 0.960960960960961, 0.9519519519519519, 0.996996996996997, 1.0, 0.9819819819819819, 0.993993993993994, 0.993993993993994, 0.996996996996997, 1.0, 1.0, 1.0, 1.0, 1.0, 1.0, 0.993993993993994, 0.996996996996997]
Loss: [2.2024321953455606, 1.5439260800679524, 0.9180407722791036, 0.7598631282647451, 0.3307201489806175, 0.1510671799381574, 0.21654716258247694, 0.0372646301984787, 0.009916326031088829, 0.0838990497092406, 0.017647559269486617, 0.03072648060818513, 0.022057121202427272, 0.0049607661688545095, 0.003194852664213007, 0.0026834118325496092, 0.0002638203501798368, 0.0029882596754760016, 0.003294898405480732, 0.012793320003159655, 0.022151931773502536]
Received data: [(0, 20), (0, 2815), (0, 610), (0, 119468), (0, 21), (0, 117919), (1, 21), (1, 117919), (2, 19), (2, 21), (2, 117919), (3, 19), (3, 19), (3, 19), (3, 21), (3, 117919), (4, 19), (4, 21), (4, 117919), (5, 19), (5, 19), (5, 21), (5, 117919), (6, 19), (6, 21), (6, 117919), (7, 21), (7, 117919)]
Send data: [(0, 23), (1, 117919), (2, 117919), (2, 117919), (3, 117919), (3, 117919), (3, 117919), (3, 117919), (4, 117919), (4, 117919), (5, 117919), (5, 117919), (5, 117919), (6, 117919), (6, 117919), (7, 117919)]
Strategies (if used): []


Information from Client_2:

Signals: ['Skip', 'Skip', 'Update', 'Update', 'Update', 'Update', 'Update', 'Update', 'Update', 'Skip', 'Update', 'Update', 'Skip', 'Update', 'Update', 'Finish', None]
Data distribution: [(0, 36), (1, 43), (2, 26), (3, 39), (4, 35), (5, 42), (6, 27), (7, 30), (8, 28), (9, 27)]
Accuracy: [0.9279279279279279, 0.93993993993994, 0.987987987987988, 0.963963963963964, 0.990990990990991, 0.996996996996997, 0.987987987987988, 0.9819819819819819, 0.993993993993994, 0.972972972972973, 0.975975975975976, 0.993993993993994, 0.975975975975976, 0.996996996996997, 0.993993993993994, 0.996996996996997, 0.990990990990991, 0.993993993993994, 0.984984984984985, 1.0, 1.0, 0.960960960960961, 0.996996996996997, 0.993993993993994, 1.0, 1.0, 1.0, 0.990990990990991, 0.975975975975976, 0.993993993993994, 0.990990990990991, 0.987987987987988, 0.996996996996997]
Loss: [0.2760453000664711, 0.17725148797035217, 0.052212378941476345, 0.13449745190640292, 0.053703162198265396, 0.04067973451068004, 0.03722546032319466, 0.058553407550789416, 0.025117687609357137, 0.07177978501810382, 0.059364462892214455, 0.016104889567941427, 0.052769035721818604, 0.023852516897022724, 0.018234177492558956, 0.010860401496756822, 0.015198116947431117, 0.01413653913186863, 0.050271096328894295, 0.003984571774102126, 0.0016473026965589572, 0.07107967233847982, 0.017057221586583182, 0.013643440698312284, 0.0005373221356421709, 0.0022049770702021, 0.0011218799627386034, 0.045502281185084335, 0.07994228851960845, 0.02665012631390103, 0.019770132705161814, 0.025306500539954868, 0.009697360362527737]
Received data: [(0, 20), (0, 2815), (0, 610), (0, 119468), (0, 19), (0, 19), (0, 21), (0, 117919), (1, 21), (1, 117919), (2, 21), (2, 117919), (3, 21), (3, 117919), (4, 21), (4, 117919), (5, 21), (5, 117919), (6, 21), (6, 117919), (7, 19), (7, 21), (7, 117919), (8, 21), (8, 117919), (9, 19), (9, 21), (9, 117919), (10, 21), (10, 117919), (11, 21), (11, 117919)]
Send data: [(0, 23), (0, 117919), (0, 117919), (1, 117919), (2, 117919), (3, 117919), (4, 117919), (5, 117919), (6, 117919), (7, 117919), (7, 117919), (8, 117919), (9, 117919), (9, 117919), (10, 117919), (11, 117919)]
Strategies (if used): []


Information from Client_3:

Signals: ['Update', 'Update', 'Update', 'Skip', 'Update', 'Update', 'Update', 'Skip', 'Update', 'Update', 'Update', 'Update', 'Update', 'Update', 'Skip', 'Finish', None]
Data distribution: [(0, 32), (1, 40), (2, 38), (3, 33), (4, 30), (5, 33), (6, 23), (7, 36), (8, 34), (9, 34)]
Accuracy: [0.12012012012012012, 0.4024024024024024, 0.6696696696696697, 0.7747747747747747, 0.8648648648648649, 0.9129129129129129, 0.9099099099099099, 0.963963963963964, 0.987987987987988, 0.975975975975976, 0.9519519519519519, 1.0, 0.975975975975976, 0.993993993993994, 0.996996996996997, 0.972972972972973, 0.990990990990991, 0.987987987987988, 0.996996996996997, 0.984984984984985, 0.993993993993994, 0.9819819819819819, 0.987987987987988, 1.0, 0.990990990990991, 0.993993993993994, 1.0, 0.990990990990991, 1.0, 1.0, 0.993993993993994, 0.990990990990991, 0.975975975975976, 1.0, 1.0, 0.996996996996997]
Loss: [2.240514556566874, 1.795178472995758, 1.0334542493025463, 0.763296882311503, 0.4071113218863805, 0.27635952830314636, 0.3254425997535388, 0.12389146039883296, 0.09938049813111623, 0.10133856597046058, 0.1560993269085884, 0.02806142655511697, 0.07879615916560094, 0.022017392174651224, 0.014291675838952264, 0.08439799677580595, 0.031325357500463724, 0.029420322583367426, 0.007727962763359149, 0.0207103505381383, 0.022705571119634744, 0.05451772571541369, 0.033884289946096637, 0.007893975688299784, 0.030417927758511116, 0.00966300867700435, 0.0071432159675168805, 0.031493343126688465, 0.0028410312946410463, 0.0004649380110398245, 0.014595188695238903, 0.0342332505970262, 0.04232612845953554, 0.0004044836637149274, 0.003238921836602534, 0.011223525490398364]
Received data: [(0, 20), (0, 2815), (0, 610), (0, 119468), (0, 21), (0, 117919), (1, 21), (1, 117919), (2, 21), (2, 117919), (3, 19), (3, 21), (3, 117919), (4, 21), (4, 117919), (5, 21), (5, 117919), (6, 19), (6, 21), (6, 117919), (7, 21), (7, 117919), (8, 21), (8, 117919), (9, 21), (9, 117919), (10, 21), (10, 117919), (11, 21), (11, 117919), (12, 19), (12, 21), (12, 117919)]
Send data: [(0, 23), (1, 117919), (2, 117919), (3, 117919), (3, 117919), (4, 117919), (5, 117919), (6, 117919), (6, 117919), (7, 117919), (8, 117919), (9, 117919), (10, 117919), (11, 117919), (12, 117919), (12, 117919)]
Strategies (if used): []


Duration: 17 minutes 13 seconds
