The following training was conducted:

C: 0.8
K: 3
R: 5
E: 3
B: 64
optimizer: <class 'torch.optim.adam.Adam'>
criterion: CrossEntropyLoss()
lr: 0.01
data_name: MNIST
shards_each: 2
ternary: True
personalized: True
iid: False
model: <class 'models.Net_2_Q'>
LESS_DATA: 1000
SERVER_TEST_SIZE: 1000
SERVER_TRAIN_SIZE: 100


Information from Server:

Accuracy: [0.1, 0.14, 0.25, 0.18, 0.14]
Loss: [2.4432437419891357, 2.426385998725891, 2.6598780155181885, 2.4326497316360474, 2.763547897338867]
Received data: [(1, 23), (1, 23), (1, 23), (2, 117229), (2, 117229), (2, 117229), (3, 117229), (3, 117229), (3, 117229), (4, 117229), (4, 117229), (4, 117229), (5, 117229), (5, 117229), (5, 117229), (6, 117229), (6, 117229), (6, 117229)]
Send data: [(1, 20), (1, 1009), (1, 610), (1, 118793), (1, 20), (1, 1010), (1, 610), (1, 118793), (1, 20), (1, 1012), (1, 610), (1, 118793), (2, 19), (2, 21), (2, 117229), (2, 21), (2, 117229), (3, 19), (3, 21), (3, 117229), (3, 21), (3, 117229), (4, 21), (4, 21), (4, 117229), (4, 19), (4, 117229), (5, 19), (5, 21), (5, 21), (5, 117229), (5, 117229), (6, 21), (6, 19), (6, 21), (6, 117229), (6, 117229), (6, 21), (6, 117229), (6, 21), (6, 117229), (6, 21), (6, 117229)]


Information from Client_1:

Signals: ['Skip', 'Skip', 'Update', 'Skip', 'Update', 'Finish', None]
Data distribution: [(0, 103), (1, 63), (6, 44), (7, 89), (8, 33)]
Accuracy: [0.8855421686746988, 0.9819277108433735, 0.9789156626506024, 0.927710843373494, 0.9819277108433735, 0.9879518072289156]
Loss: [0.2889313166961074, 0.07327380403876305, 0.047180300074008606, 0.17285880943139395, 0.060123384930193424, 0.030659663505502976]
Received data: [(0, 20), (0, 1009), (0, 610), (0, 118793), (0, 19), (0, 19), (0, 21), (0, 117229), (1, 19), (1, 21), (1, 117229), (2, 21), (2, 117229)]
Send data: [(0, 23), (0, 117229), (0, 117229), (1, 117229), (1, 117229), (2, 117229)]
Strategies (if used): ['Strategy 1', 'Strategy 1']


Information from Client_3:

Signals: ['Update', 'Update', 'Skip', 'Update', 'Update', 'Finish', None]
Data distribution: [(3, 79), (4, 87), (8, 76), (9, 90)]
Accuracy: [0.7650602409638554, 0.7801204819277109, 0.9066265060240963, 0.8734939759036144, 0.9698795180722891, 0.9789156626506024, 0.8554216867469879, 0.9307228915662651, 0.9548192771084337, 0.9006024096385542, 0.9397590361445783, 0.9548192771084337]
Loss: [1.0289730528990428, 0.5330802649259567, 0.25637204696734744, 0.34132588158051175, 0.10038100617627303, 0.0663207396864891, 0.4072688966989517, 0.20940655966599783, 0.1133062019944191, 0.2590000852942467, 0.1935473568737507, 0.12277801831563313]
Received data: [(0, 20), (0, 1012), (0, 610), (0, 118793), (0, 21), (0, 117229), (1, 21), (1, 117229), (2, 19), (2, 21), (2, 117229), (3, 21), (3, 117229), (4, 21), (4, 117229)]
Send data: [(0, 23), (1, 117229), (2, 117229), (2, 117229), (3, 117229), (4, 117229)]
Strategies (if used): ['Strategy 1', 'Strategy 2', 'Strategy 1', 'Strategy 2']


Information from Client_2:

Signals: ['Update', 'Update', 'Update', 'Update', 'Skip', 'Finish', None]
Data distribution: [(1, 43), (2, 112), (3, 11), (4, 3), (5, 97), (6, 66)]
Accuracy: [0.75, 0.8042168674698795, 0.9548192771084337, 0.8975903614457831, 0.9246987951807228, 0.9969879518072289, 0.9036144578313253, 0.963855421686747, 0.9909638554216867, 0.9487951807228916, 0.927710843373494, 0.9789156626506024]
Loss: [1.061838537454605, 0.5584488014380137, 0.1721185843149821, 0.5451284050941467, 0.2263233040769895, 0.030960213703413803, 0.36152153213818866, 0.11521856859326363, 0.024903613647135597, 0.18164937819043794, 0.14840947215755781, 0.04963455240552624]
Received data: [(0, 20), (0, 1010), (0, 610), (0, 118793), (0, 21), (0, 117229), (1, 21), (1, 117229), (2, 21), (2, 117229), (3, 21), (3, 117229), (4, 19), (4, 21), (4, 117229)]
Send data: [(0, 23), (1, 117229), (2, 117229), (3, 117229), (4, 117229), (4, 117229)]
Strategies (if used): ['Strategy 1', 'Strategy 1', 'Strategy 1', 'Strategy 2']


Duration: 29 minutes 42 seconds
