The following training was conducted:

C: 0.8
K: 3
R: 15
E: 3
B: 64
optimizer: <class 'torch.optim.adam.Adam'>
criterion: CrossEntropyLoss()
lr: 0.01
data_name: CIFAR100
iid: True
shards_each: 2
ternary: False
personalized: True
model: <class 'models.Net_4'>
LESS_DATA: 10000
SERVER_TEST_SIZE: 1000
SERVER_TRAIN_SIZE: 1000


Information from Server:

Accuracy: [0.01, 0.01, 0.01, 0.01, 0.01, 0.01, 0.01, 0.01, 0.01, 0.01, 0.01, 0.01, 0.01, 0.01, 0.01]
Loss: [4.618960499763489, 4.620353996753693, 4.618135780096054, 4.620508253574371, 4.617917537689209, 4.623170018196106, 4.612832605838776, 4.621583044528961, 4.618600398302078, 4.6209980845451355, 4.6219581961631775, 4.618826150894165, 4.618079215288162, 4.618860065937042, 4.619928419589996]
Received data: [(1, 23), (1, 23), (1, 23), (2, 281519), (2, 281519), (2, 281519), (3, 281519), (3, 281519), (3, 281519), (4, 281519), (4, 281519), (4, 281519), (5, 281519), (5, 281519), (5, 281519), (6, 281519), (6, 281519), (6, 281519), (7, 281519), (7, 281519), (7, 281519), (8, 281519), (8, 281519), (8, 281519), (9, 281519), (9, 281519), (9, 281519), (10, 281519), (10, 281519), (10, 281519), (11, 281519), (11, 281519), (11, 281519), (12, 281519), (12, 281519), (12, 281519), (13, 281519), (13, 281519), (13, 281519), (14, 281519), (14, 281519), (14, 281519), (15, 281519), (15, 281519), (15, 281519), (16, 281519), (16, 281519), (16, 281519)]
Send data: [(1, 23), (1, 26815), (1, 613), (1, 283226), (1, 23), (1, 26815), (1, 613), (1, 283226), (1, 23), (1, 26815), (1, 613), (1, 283226), (2, 19), (2, 21), (2, 21), (2, 281519), (2, 281519), (3, 21), (3, 21), (3, 281519), (3, 19), (3, 281519), (4, 21), (4, 19), (4, 281519), (4, 21), (4, 281519), (5, 21), (5, 19), (5, 21), (5, 281519), (5, 281519), (6, 21), (6, 21), (6, 281519), (6, 281519), (6, 19), (7, 21), (7, 21), (7, 19), (7, 281519), (7, 281519), (8, 21), (8, 21), (8, 19), (8, 281519), (8, 281519), (9, 21), (9, 281519), (9, 19), (9, 21), (9, 281519), (10, 19), (10, 21), (10, 21), (10, 281519), (10, 281519), (11, 21), (11, 19), (11, 21), (11, 281519), (11, 281519), (12, 21), (12, 281519), (12, 19), (12, 21), (12, 281519), (13, 21), (13, 21), (13, 19), (13, 281519), (13, 281519), (14, 21), (14, 19), (14, 281519), (14, 21), (14, 281519), (15, 21), (15, 281519), (15, 21), (15, 281519), (15, 19), (16, 19), (16, 21), (16, 21), (16, 281519), (16, 281519), (16, 21), (16, 281519), (16, 21), (16, 281519), (16, 21), (16, 281519)]


Information from Client_2:

Signals: ['Update', 'Update', 'Skip', 'Skip', 'Update', 'Update', 'Update', 'Skip', 'Update', 'Skip', 'Skip', 'Update', 'Skip', 'Update', 'Update', 'Finish', None]
Data distribution: [(0, 43), (1, 34), (2, 37), (3, 37), (4, 33), (5, 28), (6, 33), (7, 32), (8, 35), (9, 27), (10, 27), (11, 31), (12, 29), (13, 33), (14, 52), (15, 44), (16, 25), (17, 26), (18, 33), (19, 39), (20, 39), (21, 27), (22, 38), (23, 31), (24, 32), (25, 39), (26, 44), (27, 34), (28, 32), (29, 26), (30, 30), (31, 35), (32, 28), (33, 35), (34, 28), (35, 27), (36, 24), (37, 28), (38, 39), (39, 34), (40, 29), (41, 38), (42, 47), (43, 35), (44, 19), (45, 32), (46, 34), (47, 21), (48, 30), (49, 34), (50, 32), (51, 36), (52, 35), (53, 27), (54, 28), (55, 28), (56, 31), (57, 38), (58, 34), (59, 23), (60, 32), (61, 31), (62, 41), (63, 36), (64, 29), (65, 38), (66, 31), (67, 27), (68, 31), (69, 47), (70, 36), (71, 40), (72, 29), (73, 32), (74, 30), (75, 37), (76, 22), (77, 38), (78, 40), (79, 37), (80, 38), (81, 32), (82, 28), (83, 36), (84, 42), (85, 31), (86, 34), (87, 27), (88, 39), (89, 26), (90, 41), (91, 28), (92, 30), (93, 40), (94, 29), (95, 36), (96, 39), (97, 40), (98, 40), (99, 34)]
Accuracy: [0.012301230123012302, 0.015001500150015001, 0.014101410141014101, 0.012001200120012, 0.015601560156015602, 0.015601560156015602, 0.011701170117011701, 0.012301230123012302, 0.013201320132013201, 0.009600960096009602, 0.011701170117011701, 0.011701170117011701, 0.014101410141014101, 0.015601560156015602, 0.010801080108010801, 0.015601560156015602, 0.009900990099009901, 0.0093009300930093, 0.012001200120012, 0.014101410141014101, 0.014101410141014101, 0.011701170117011701, 0.014101410141014101, 0.0102010201020102, 0.0093009300930093, 0.015601560156015602, 0.014101410141014101]
Loss: [4.598722439891887, 4.623344007528053, 4.610864072475794, 4.609559257075472, 4.605302144896309, 4.598778373790237, 4.597393458744265, 4.607278113095266, 4.614801604792757, 4.644470700677836, 4.598652767685224, 4.616750834123144, 4.600318629786654, 4.612961625153163, 4.599778490246467, 4.596977521788399, 4.612083606000216, 4.606451439407636, 4.6113638517991555, 4.6085039354720205, 4.59379634317362, 4.6004624096852424, 4.6008004872304085, 4.604747259391929, 4.619404882754919, 4.605640069493708, 4.6057219055463685]
Received data: [(0, 23), (0, 26815), (0, 613), (0, 283226), (0, 21), (0, 281519), (1, 21), (1, 281519), (2, 19), (2, 19), (2, 21), (2, 281519), (3, 21), (3, 281519), (4, 21), (4, 281519), (5, 19), (5, 21), (5, 281519), (6, 19), (6, 19), (6, 21), (6, 281519), (7, 19), (7, 21), (7, 281519), (8, 21), (8, 281519), (9, 21), (9, 281519)]
Send data: [(0, 23), (1, 281519), (2, 281519), (2, 281519), (2, 281519), (3, 281519), (4, 281519), (5, 281519), (5, 281519), (6, 281519), (6, 281519), (6, 281519), (7, 281519), (7, 281519), (8, 281519), (9, 281519)]
Strategies (if used): []


Information from Client_3:

Signals: ['Update', 'Skip', 'Update', 'Update', 'Skip', 'Skip', 'Skip', 'Update', 'Update', 'Update', 'Update', 'Skip', 'Update', 'Skip', 'Update', 'Finish', None]
Data distribution: [(0, 32), (1, 27), (2, 36), (3, 28), (4, 41), (5, 33), (6, 22), (7, 39), (8, 29), (9, 40), (10, 39), (11, 30), (12, 30), (13, 42), (14, 34), (15, 35), (16, 29), (17, 32), (18, 30), (19, 38), (20, 32), (21, 40), (22, 24), (23, 40), (24, 33), (25, 39), (26, 30), (27, 40), (28, 38), (29, 38), (30, 39), (31, 36), (32, 27), (33, 43), (34, 35), (35, 34), (36, 35), (37, 36), (38, 31), (39, 37), (40, 33), (41, 42), (42, 27), (43, 19), (44, 24), (45, 24), (46, 36), (47, 33), (48, 34), (49, 33), (50, 24), (51, 36), (52, 26), (53, 35), (54, 40), (55, 27), (56, 33), (57, 34), (58, 31), (59, 41), (60, 27), (61, 29), (62, 37), (63, 42), (64, 28), (65, 30), (66, 29), (67, 21), (68, 35), (69, 37), (70, 30), (71, 28), (72, 36), (73, 26), (74, 29), (75, 32), (76, 32), (77, 33), (78, 35), (79, 40), (80, 39), (81, 30), (82, 31), (83, 34), (84, 42), (85, 26), (86, 38), (87, 37), (88, 33), (89, 31), (90, 44), (91, 31), (92, 32), (93, 39), (94, 25), (95, 46), (96, 32), (97, 40), (98, 33), (99, 29)]
Accuracy: [0.0159015901590159, 0.013201320132013201, 0.0144014401440144, 0.013801380138013802, 0.011701170117011701, 0.011701170117011701, 0.010801080108010801, 0.012901290129012902, 0.009000900090009001, 0.012901290129012902, 0.012001200120012, 0.010501050105010502, 0.0102010201020102, 0.011401140114011402, 0.012001200120012, 0.0087008700870087, 0.013801380138013802, 0.010801080108010801, 0.010501050105010502, 0.013801380138013802, 0.0111011101110111, 0.010501050105010502, 0.0111011101110111, 0.012901290129012902, 0.011701170117011701, 0.009600960096009602, 0.007800780078007801]
Loss: [4.5986775182328135, 4.594432812816692, 4.600436084675339, 4.60175570002142, 4.599108255134438, 4.598315616823593, 4.609252012000893, 4.606726133598472, 4.603622373544945, 4.606757883755666, 4.607573896084192, 4.62007630546138, 4.624280920568502, 4.623204339225337, 4.607698332588628, 4.620285106155108, 4.600194058328305, 4.604420751895544, 4.606770371491054, 4.599203352658254, 4.611579202256113, 4.627180819241506, 4.61255917459164, 4.60099498280939, 4.604801106003095, 4.609495198951577, 4.605232175791039]
Received data: [(0, 23), (0, 26815), (0, 613), (0, 283226), (0, 21), (0, 281519), (1, 19), (1, 21), (1, 281519), (2, 21), (2, 281519), (3, 19), (3, 19), (3, 19), (3, 21), (3, 281519), (4, 21), (4, 281519), (5, 21), (5, 281519), (6, 21), (6, 281519), (7, 19), (7, 21), (7, 281519), (8, 19), (8, 21), (8, 281519), (9, 21), (9, 281519)]
Send data: [(0, 23), (1, 281519), (1, 281519), (2, 281519), (3, 281519), (3, 281519), (3, 281519), (3, 281519), (4, 281519), (5, 281519), (6, 281519), (7, 281519), (7, 281519), (8, 281519), (8, 281519), (9, 281519)]
Strategies (if used): []


Information from Client_1:

Signals: ['Skip', 'Update', 'Update', 'Update', 'Update', 'Update', 'Update', 'Update', 'Skip', 'Update', 'Update', 'Update', 'Update', 'Update', 'Skip', 'Finish', None]
Data distribution: [(0, 41), (1, 32), (2, 26), (3, 28), (4, 34), (5, 37), (6, 39), (7, 41), (8, 37), (9, 38), (10, 31), (11, 28), (12, 29), (13, 29), (14, 26), (15, 35), (16, 35), (17, 33), (18, 31), (19, 34), (20, 30), (21, 32), (22, 37), (23, 38), (24, 38), (25, 29), (26, 31), (27, 26), (28, 25), (29, 32), (30, 31), (31, 34), (32, 41), (33, 26), (34, 30), (35, 33), (36, 32), (37, 37), (38, 35), (39, 50), (40, 35), (41, 32), (42, 41), (43, 38), (44, 30), (45, 24), (46, 27), (47, 27), (48, 33), (49, 35), (50, 41), (51, 43), (52, 37), (53, 44), (54, 33), (55, 26), (56, 32), (57, 29), (58, 37), (59, 36), (60, 28), (61, 38), (62, 28), (63, 39), (64, 36), (65, 34), (66, 33), (67, 26), (68, 29), (69, 30), (70, 34), (71, 37), (72, 32), (73, 33), (74, 32), (75, 27), (76, 33), (77, 31), (78, 28), (79, 37), (80, 32), (81, 30), (82, 34), (83, 36), (84, 35), (85, 32), (86, 27), (87, 32), (88, 41), (89, 33), (90, 41), (91, 42), (92, 38), (93, 29), (94, 29), (95, 32), (96, 33), (97, 36), (98, 25), (99, 40)]
Accuracy: [0.015001500150015001, 0.015001500150015001, 0.010501050105010502, 0.015001500150015001, 0.015001500150015001, 0.0084008400840084, 0.007800780078007801, 0.015001500150015001, 0.013201320132013201, 0.011701170117011701, 0.0111011101110111, 0.015001500150015001, 0.0111011101110111, 0.012301230123012302, 0.015001500150015001, 0.013201320132013201, 0.012301230123012302, 0.012301230123012302, 0.012301230123012302, 0.015001500150015001, 0.015001500150015001, 0.012901290129012902, 0.009900990099009901, 0.009900990099009901, 0.0087008700870087, 0.012901290129012902, 0.015001500150015001, 0.012301230123012302, 0.012901290129012902, 0.0093009300930093, 0.015001500150015001, 0.0102010201020102, 0.012901290129012902, 0.012301230123012302, 0.012301230123012302, 0.015001500150015001]
Loss: [4.598012033498512, 4.60274282491432, 4.611012053939532, 4.602519872053614, 4.60291876882877, 4.631838375667356, 4.632488304713987, 4.620826622225204, 4.604901196821681, 4.626681831647765, 4.60502826042895, 4.607018767662768, 4.629579004251732, 4.602876177373922, 4.598996495300868, 4.605254389205069, 4.618125717594938, 4.6114274330858915, 4.614055948437385, 4.603680106828797, 4.606137491622061, 4.6139444225239306, 4.632932339074476, 4.61820009519469, 4.612427927413076, 4.607170347897512, 4.6092206307177275, 4.609116275355501, 4.61222545155939, 4.608134548619108, 4.60187592596378, 4.634085943114083, 4.611089373534581, 4.628518779322786, 4.602826109472311, 4.612105531512566]
Received data: [(0, 23), (0, 26815), (0, 613), (0, 283226), (0, 19), (0, 21), (0, 281519), (1, 21), (1, 281519), (2, 21), (2, 281519), (3, 21), (3, 281519), (4, 21), (4, 281519), (5, 21), (5, 281519), (6, 21), (6, 281519), (7, 19), (7, 21), (7, 281519), (8, 21), (8, 281519), (9, 21), (9, 281519), (10, 21), (10, 281519), (11, 21), (11, 281519), (12, 19), (12, 21), (12, 281519)]
Send data: [(0, 23), (0, 281519), (1, 281519), (2, 281519), (3, 281519), (4, 281519), (5, 281519), (6, 281519), (7, 281519), (7, 281519), (8, 281519), (9, 281519), (10, 281519), (11, 281519), (12, 281519), (12, 281519)]
Strategies (if used): []


Duration: 89 minutes 43 seconds
