The following training was conducted:

C: 0.8
K: 3
R: 5
E: 3
B: 64
optimizer: <class 'torch.optim.adam.Adam'>
criterion: CrossEntropyLoss()
lr: 0.01
data_name: MNIST
shards_each: 2
ternary: True
personalized: True
iid: True
model: <class 'models.Net_2_Q'>
LESS_DATA: 1000
SERVER_TEST_SIZE: 1000
SERVER_TRAIN_SIZE: 100


Information from Server:

Accuracy: [0.36, 0.78, 0.87, 0.9, 0.92]
Loss: [1.8276479244232178, 0.5895813703536987, 0.45542509853839874, 0.31830739974975586, 0.27900145947933197]
Received data: [(1, 23), (1, 23), (1, 23), (2, 117245), (2, 117245), (2, 117245), (3, 117245), (3, 117245), (3, 117245), (4, 117245), (4, 117245), (4, 117245), (5, 117245), (5, 117245), (5, 117245), (6, 117245), (6, 117245), (6, 117245)]
Send data: [(1, 20), (1, 2815), (1, 610), (1, 118809), (1, 20), (1, 2815), (1, 610), (1, 118809), (1, 20), (1, 2815), (1, 610), (1, 118809), (2, 21), (2, 21), (2, 117245), (2, 117245), (2, 19), (3, 19), (3, 21), (3, 21), (3, 117245), (3, 117245), (4, 21), (4, 117245), (4, 19), (4, 21), (4, 117245), (5, 19), (5, 21), (5, 117245), (5, 21), (5, 117245), (6, 21), (6, 117245), (6, 21), (6, 19), (6, 117245), (6, 21), (6, 117245), (6, 21), (6, 117245), (6, 21), (6, 117245)]


Duration: 6 minutes 52 seconds
Information from Client_1:

Signals: ['Update', 'Update', 'Skip', 'Update', 'Update', 'Finish', None]
Data distribution: [(0, 40), (1, 38), (2, 28), (3, 31), (4, 32), (5, 20), (6, 34), (7, 32), (8, 43), (9, 35)]
Accuracy: [0.8048048048048048, 0.9669669669669669, 0.9669669669669669, 1.0, 0.996996996996997, 0.975975975975976]
Loss: [0.5722729563713074, 0.17831076929966608, 0.18289423982302347, 0.03579026833176613, 0.045363038778305054, 0.11142644348243873]
Training acc & loss: [[[1.8221672574679058, 0.33633633633633636], [0.8172914385795593, 0.7267267267267268], [0.4677511292199294, 0.8168168168168168]], [[0.38133759299914044, 0.8768768768768769], [0.17167034993569055, 0.9519519519519519], [0.07098715519532561, 0.978978978978979]], [[0.07098715519532561, 0.978978978978979], [0.07098715519532561, 0.978978978978979], [0.07098715519532561, 0.978978978978979]], [[0.13539147563278675, 0.954954954954955], [0.05396823026239872, 0.987987987987988], [0.01297455777724584, 1.0]], [[0.09288693095246951, 0.978978978978979], [0.10163309052586555, 0.960960960960961], [0.03154745729019245, 0.993993993993994]]]
Received data: [(0, 20), (0, 2815), (0, 610), (0, 118809), (0, 21), (0, 117245), (1, 21), (1, 117245), (2, 19), (2, 21), (2, 117245), (3, 21), (3, 117245), (4, 21), (4, 117245)]
Send data: [(0, 23), (1, 117245), (2, 117245), (2, 117245), (3, 117245), (4, 117245)]
Strategies (if used): ['Strategy 1', 'Strategy 1', 'Strategy 1', 'Strategy 1']


Information from Client_2:

Signals: ['Update', 'Skip', 'Update', 'Skip', 'Update', 'Finish', None]
Data distribution: [(0, 27), (1, 43), (2, 29), (3, 42), (4, 34), (5, 25), (6, 24), (7, 34), (8, 30), (9, 45)]
Accuracy: [0.9009009009009009, 0.9009009009009009, 0.987987987987988, 0.987987987987988, 1.0, 0.960960960960961]
Loss: [0.4778360625108083, 0.48808742066224414, 0.12959477429588637, 0.12824531644582748, 0.029968959279358387, 0.16337389374772707]
Training acc & loss: [[[1.7821697394053142, 0.4804804804804805], [0.739534060160319, 0.7537537537537538], [0.3132619659105937, 0.9099099099099099]], [[0.3132619659105937, 0.9099099099099099], [0.3132619659105937, 0.9099099099099099], [0.3132619659105937, 0.9099099099099099]], [[0.38479897131522495, 0.8888888888888888], [0.19575129201014838, 0.933933933933934], [0.04757575256129106, 0.993993993993994]], [[0.04757575256129106, 0.993993993993994], [0.04757575256129106, 0.993993993993994], [0.04757575256129106, 0.993993993993994]], [[0.11891526977221172, 0.960960960960961], [0.023361247110490996, 0.993993993993994], [0.004381456965347752, 1.0]]]
Received data: [(0, 20), (0, 2815), (0, 610), (0, 118809), (0, 21), (0, 117245), (1, 19), (1, 21), (1, 117245), (2, 19), (2, 21), (2, 117245), (3, 21), (3, 117245)]
Send data: [(0, 23), (1, 117245), (1, 117245), (2, 117245), (2, 117245), (3, 117245)]
Strategies (if used): ['Strategy 1', 'Strategy 1', 'Strategy 1']


