The following training was conducted:

C: 0.8
K: 3
R: 15
E: 3
B: 64
optimizer: <class 'torch.optim.adam.Adam'>
criterion: CrossEntropyLoss()
lr: 0.01
data_name: CIFAR100
iid: False
shards_each: 2
ternary: True
personalized: False
model: <class 'models.Net_4'>
LESS_DATA: 10000
SERVER_TEST_SIZE: 1000
SERVER_TRAIN_SIZE: 1000


Information from Server:

Accuracy: [0.01, 0.01, 0.012, 0.01, 0.01, 0.011, 0.011, 0.011, 0.012, 0.013, 0.014, 0.012, 0.011, 0.013, 0.014]
Loss: [4.683314263820648, 4.629896730184555, 4.690406233072281, 4.669991761445999, 4.618559271097183, 4.6599079966545105, 4.703818112611771, 4.651381820440292, 4.651028394699097, 4.651946544647217, 4.646980851888657, 4.6850873827934265, 4.687370836734772, 4.695374399423599, 4.734619706869125]
Received data: [(1, 23), (1, 23), (1, 23), (2, 281519), (2, 281519), (2, 281519), (3, 281519), (3, 281519), (3, 281519), (4, 281519), (4, 281519), (4, 281519), (5, 281519), (5, 281519), (5, 281519), (6, 281519), (6, 281519), (6, 281519), (7, 281519), (7, 281519), (7, 281519), (8, 281519), (8, 281519), (8, 281519), (9, 281519), (9, 281519), (9, 281519), (10, 281519), (10, 281519), (10, 281519), (11, 281519), (11, 281519), (11, 281519), (12, 281519), (12, 281519), (12, 281519), (13, 281519), (13, 281519), (13, 281519), (14, 281519), (14, 281519), (14, 281519), (15, 281519), (15, 281519), (15, 281519), (16, 281519), (16, 281519), (16, 281519)]
Send data: [(1, 23), (1, 10006), (1, 613), (1, 283226), (1, 23), (1, 9999), (1, 613), (1, 283226), (1, 23), (1, 10004), (1, 613), (1, 283226), (2, 19), (2, 21), (2, 281519), (2, 21), (2, 281519), (3, 21), (3, 281519), (3, 19), (3, 21), (3, 281519), (4, 21), (4, 19), (4, 21), (4, 281519), (4, 281519), (5, 21), (5, 19), (5, 21), (5, 281519), (5, 281519), (6, 21), (6, 281519), (6, 21), (6, 19), (6, 281519), (7, 19), (7, 21), (7, 281519), (7, 21), (7, 281519), (8, 19), (8, 21), (8, 21), (8, 281519), (8, 281519), (9, 19), (9, 21), (9, 281519), (9, 21), (9, 281519), (10, 21), (10, 281519), (10, 19), (10, 21), (10, 281519), (11, 21), (11, 21), (11, 281519), (11, 19), (11, 281519), (12, 21), (12, 19), (12, 21), (12, 281519), (12, 281519), (13, 21), (13, 19), (13, 281519), (13, 21), (13, 281519), (14, 21), (14, 21), (14, 19), (14, 281519), (14, 281519), (15, 21), (15, 21), (15, 281519), (15, 19), (15, 281519), (16, 21), (16, 19), (16, 21), (16, 281519), (16, 281519), (16, 21), (16, 281519), (16, 21), (16, 281519), (16, 21), (16, 281519)]


Information from Client_1:

Signals: ['Skip', 'Update', 'Update', 'Update', 'Update', 'Skip', 'Skip', 'Skip', 'Update', 'Update', 'Update', 'Update', 'Update', 'Update', 'Update', 'Finish', None]
Data distribution: [(49, 76), (50, 91), (51, 111), (52, 78), (53, 99), (54, 112), (55, 95), (56, 113), (57, 90), (58, 92), (59, 83), (60, 112), (61, 114), (62, 89), (63, 90), (64, 100), (65, 108), (66, 13), (83, 77), (84, 109), (85, 96), (86, 116), (87, 82), (88, 87), (89, 85), (90, 107), (91, 112), (92, 77), (93, 94), (94, 106), (95, 96), (96, 110), (97, 111), (98, 97), (99, 104)]
Accuracy: [0.028811524609843937, 0.03361344537815126, 0.033013205282112844, 0.04831932773109244, 0.04321728691476591, 0.07202881152460984, 0.06782713085234093, 0.07623049219687875, 0.1134453781512605, 0.06272509003601441, 0.09483793517406963, 0.07893157262905162, 0.09873949579831932, 0.12695078031212484, 0.14135654261704683, 0.13595438175270108, 0.11254501800720289, 0.15336134453781514, 0.117046818727491, 0.132953181272509, 0.15906362545018007, 0.13565426170468187, 0.13475390156062425, 0.148859543817527, 0.14855942376950781, 0.17647058823529413, 0.19957983193277312, 0.15336134453781514, 0.16986794717887155, 0.17707082833133253, 0.1797719087635054, 0.20078031212484995, 0.1788715486194478]
Loss: [3.5610463259355076, 3.563890574113378, 3.546303978506124, 3.4551293040221593, 3.5361915309474155, 3.361384045402959, 3.372098643824739, 3.282402029577291, 3.150296742061399, 3.3561509600225485, 3.2453926509281374, 3.213190240680047, 3.159147914850487, 3.1200357023275123, 3.014647555801104, 3.0896468027582706, 3.140885240626785, 2.9796566783257252, 3.172411752196978, 3.050719513083404, 2.968709666773958, 3.0983516000351816, 3.0787634084809503, 2.9750130941283026, 3.0294949963407696, 2.9800211393608236, 2.7905111177912296, 3.0277303749660276, 2.928016374695976, 2.8780163144165614, 2.997607370592513, 2.865730398106125, 2.9363469942560734]
Received data: [(0, 23), (0, 10006), (0, 613), (0, 283226), (0, 19), (0, 21), (0, 281519), (1, 21), (1, 281519), (2, 21), (2, 281519), (3, 21), (3, 281519), (4, 19), (4, 19), (4, 19), (4, 21), (4, 281519), (5, 21), (5, 281519), (6, 21), (6, 281519), (7, 21), (7, 281519), (8, 21), (8, 281519), (9, 21), (9, 281519), (10, 21), (10, 281519), (11, 21), (11, 281519)]
Send data: [(0, 23), (0, 281519), (1, 281519), (2, 281519), (3, 281519), (4, 281519), (4, 281519), (4, 281519), (4, 281519), (5, 281519), (6, 281519), (7, 281519), (8, 281519), (9, 281519), (10, 281519), (11, 281519)]
Strategies (if used): ['Strategy 1', 'Strategy 1', 'Strategy 2', 'Strategy 2', 'Strategy 2', 'Strategy 2', 'Strategy 2', 'Strategy 2', 'Strategy 2', 'Strategy 2', 'Strategy 2']


Information from Client_2:

Signals: ['Update', 'Skip', 'Skip', 'Skip', 'Update', 'Update', 'Update', 'Update', 'Skip', 'Update', 'Skip', 'Skip', 'Update', 'Update', 'Skip', 'Finish', None]
Data distribution: [(16, 77), (17, 102), (18, 98), (19, 99), (20, 95), (21, 111), (22, 98), (23, 106), (24, 93), (25, 113), (26, 97), (27, 93), (28, 89), (29, 99), (30, 87), (31, 99), (32, 107), (33, 3), (66, 91), (67, 91), (68, 102), (69, 101), (70, 105), (71, 84), (72, 95), (73, 113), (74, 79), (75, 93), (76, 94), (77, 97), (78, 98), (79, 100), (80, 110), (81, 109), (82, 86), (83, 18)]
Accuracy: [0.09063625450180073, 0.11224489795918367, 0.09603841536614646, 0.08493397358943577, 0.09123649459783914, 0.15696278511404563, 0.07172869147659064, 0.09093637454981993, 0.10834333733493397, 0.07292917166866747, 0.11734693877551021, 0.15786314525810324, 0.08073229291716687, 0.08493397358943577, 0.10264105642256903, 0.08733493397358943, 0.09663865546218488, 0.12304921968787515, 0.11854741896758704, 0.1398559423769508, 0.16506602641056423, 0.14555822328931572, 0.14915966386554622, 0.1527611044417767]
Loss: [3.520092694264538, 3.2604464360003202, 3.2362201348790585, 3.3371486348925896, 3.3112188195282557, 3.0386510300186447, 3.4239854587698884, 3.459201012017592, 3.248200938386737, 3.4038005459983394, 3.254700741677914, 3.181793986626391, 3.3801275559191435, 3.3556986035041088, 3.2378178002699367, 3.348443737569845, 3.279155119410101, 3.2125956427376225, 3.1937861847427658, 3.1392907151636087, 3.0408249980998487, 3.138264701051532, 3.1799204214563908, 3.061111076822821]
Received data: [(0, 23), (0, 9999), (0, 613), (0, 283226), (0, 21), (0, 281519), (1, 19), (1, 19), (1, 19), (1, 21), (1, 281519), (2, 21), (2, 281519), (3, 21), (3, 281519), (4, 21), (4, 281519), (5, 19), (5, 21), (5, 281519), (6, 19), (6, 19), (6, 21), (6, 281519), (7, 21), (7, 281519), (8, 19), (8, 21), (8, 281519)]
Send data: [(0, 23), (1, 281519), (1, 281519), (1, 281519), (1, 281519), (2, 281519), (3, 281519), (4, 281519), (5, 281519), (5, 281519), (6, 281519), (6, 281519), (6, 281519), (7, 281519), (8, 281519), (8, 281519)]
Strategies (if used): ['Strategy 1', 'Strategy 2', 'Strategy 2', 'Strategy 2', 'Strategy 2', 'Strategy 2', 'Strategy 2', 'Strategy 2']


Information from Client_3:

Signals: ['Update', 'Update', 'Update', 'Update', 'Skip', 'Update', 'Update', 'Update', 'Update', 'Skip', 'Update', 'Update', 'Skip', 'Skip', 'Update', 'Finish', None]
Data distribution: [(0, 113), (1, 102), (2, 107), (3, 107), (4, 82), (5, 102), (6, 106), (7, 98), (8, 110), (9, 93), (10, 111), (11, 104), (12, 90), (13, 111), (14, 118), (15, 82), (16, 30), (33, 100), (34, 102), (35, 90), (36, 104), (37, 112), (38, 101), (39, 124), (40, 111), (41, 103), (42, 93), (43, 100), (44, 97), (45, 110), (46, 88), (47, 91), (48, 112), (49, 28)]
Accuracy: [0.035414165666266505, 0.05582232893157263, 0.12064825930372149, 0.05912364945978391, 0.08763505402160865, 0.13475390156062425, 0.035414165666266505, 0.031212484993997598, 0.03211284513805522, 0.056422569027611044, 0.09213685474189676, 0.10534213685474189, 0.08373349339735894, 0.10024009603841537, 0.12484993997599039, 0.09423769507803122, 0.11854741896758704, 0.132953181272509, 0.09813925570228091, 0.117046818727491, 0.12034813925570229, 0.09903961584633854, 0.1167466986794718, 0.14585834333733494, 0.11044417767106843, 0.13205282112845138, 0.15096038415366148, 0.11764705882352941, 0.15396158463385354, 0.18967587034813926, 0.14855942376950781, 0.18517406962785113, 0.195078031212485]
Loss: [3.5284807996929817, 3.464004305173766, 3.263216068159859, 4.284628854607636, 3.3439848153096325, 3.2032326617330873, 3.5263883797627575, 3.5254379173494734, 3.5107240631895245, 3.4201806086414264, 3.3127676450981283, 3.277951960293752, 3.328098656996241, 3.219689945005021, 3.1554573841814726, 3.2387141776534745, 3.241151805193919, 3.109961766117024, 3.2838600896439463, 3.197410169637428, 3.1907592134655647, 3.225377973520531, 3.183432142689543, 3.1045494079589844, 3.2182010569662416, 3.150850903313115, 3.114884722907588, 3.2074794454394646, 3.0429851379034654, 2.8993786415963805, 3.0458487564662717, 2.901357596775271, 2.848854757704825]
Received data: [(0, 23), (0, 10004), (0, 613), (0, 283226), (0, 21), (0, 281519), (1, 21), (1, 281519), (2, 21), (2, 281519), (3, 21), (3, 281519), (4, 19), (4, 21), (4, 281519), (5, 21), (5, 281519), (6, 21), (6, 281519), (7, 21), (7, 281519), (8, 19), (8, 21), (8, 281519), (9, 21), (9, 281519), (10, 19), (10, 19), (10, 21), (10, 281519), (11, 21), (11, 281519)]
Send data: [(0, 23), (1, 281519), (2, 281519), (3, 281519), (4, 281519), (4, 281519), (5, 281519), (6, 281519), (7, 281519), (8, 281519), (8, 281519), (9, 281519), (10, 281519), (10, 281519), (10, 281519), (11, 281519)]
Strategies (if used): ['Strategy 1', 'Strategy 2', 'Strategy 1', 'Strategy 2', 'Strategy 2', 'Strategy 2', 'Strategy 2', 'Strategy 2', 'Strategy 2', 'Strategy 2', 'Strategy 2']


Duration: 98 minutes 52 seconds
