The following training was conducted:

C: 0.8
K: 3
R: 25
E: 3
B: 64
optimizer: <class 'torch.optim.adam.Adam'>
criterion: CrossEntropyLoss()
lr: 0.01
data_name: MNIST
shards_each: 2
ternary: False
personalized: True
iid: False
model: <class 'models.Net_2'>
LESS_DATA: 2000
SERVER_TEST_SIZE: 1000
SERVER_TRAIN_SIZE: 100


Information from Server:

Accuracy: [0.19, 0.48, 0.53, 0.57, 0.65, 0.68, 0.76, 0.83, 0.84, 0.87, 0.87, 0.86, 0.88, 0.91, 0.91, 0.88, 0.94, 0.95, 0.9, 0.89, 0.9, 0.91, 0.91, 0.88, 0.93]
Loss: [4.306283712387085, 2.4319437742233276, 1.8288038969039917, 1.5339544415473938, 1.100848138332367, 0.8228478133678436, 0.7088193297386169, 0.5735017955303192, 0.43945883214473724, 0.4731139689683914, 0.26375046372413635, 0.5289484858512878, 0.22807414084672928, 0.17432121373713017, 0.26676391065120697, 0.35455867648124695, 0.23749075084924698, 0.15611335821449757, 0.2966846786439419, 0.33257609605789185, 0.30131226032972336, 0.3453109636902809, 0.2794422097504139, 0.43436819314956665, 0.20865825936198235]
Received data: [(1, 23), (1, 23), (1, 23), (2, 117919), (2, 117919), (2, 117919), (3, 117919), (3, 117919), (3, 117919), (4, 117919), (4, 117919), (4, 117919), (5, 117919), (5, 117919), (5, 117919), (6, 117919), (6, 117919), (6, 117919), (7, 117919), (7, 117919), (7, 117919), (8, 117919), (8, 117919), (8, 117919), (9, 117919), (9, 117919), (9, 117919), (10, 117919), (10, 117919), (10, 117919), (11, 117919), (11, 117919), (11, 117919), (12, 117919), (12, 117919), (12, 117919), (13, 117919), (13, 117919), (13, 117919), (14, 117919), (14, 117919), (14, 117919), (15, 117919), (15, 117919), (15, 117919), (16, 117919), (16, 117919), (16, 117919), (17, 117919), (17, 117919), (17, 117919), (18, 117919), (18, 117919), (18, 117919), (19, 117919), (19, 117919), (19, 117919), (20, 117919), (20, 117919), (20, 117919), (21, 117919), (21, 117919), (21, 117919), (22, 117919), (22, 117919), (22, 117919), (23, 117919), (23, 117919), (23, 117919), (24, 117919), (24, 117919), (24, 117919), (25, 117919), (25, 117919), (25, 117919), (26, 117919), (26, 117919), (26, 117919)]
Send data: [(1, 20), (1, 2007), (1, 610), (1, 119468), (1, 20), (1, 2014), (1, 610), (1, 119468), (1, 20), (1, 2013), (1, 610), (1, 119468), (2, 19), (2, 21), (2, 21), (2, 117919), (2, 117919), (3, 19), (3, 21), (3, 117919), (3, 21), (3, 117919), (4, 21), (4, 19), (4, 117919), (4, 21), (4, 117919), (5, 19), (5, 21), (5, 117919), (5, 21), (5, 117919), (6, 19), (6, 21), (6, 117919), (6, 21), (6, 117919), (7, 21), (7, 19), (7, 117919), (7, 21), (7, 117919), (8, 21), (8, 117919), (8, 19), (8, 21), (8, 117919), (9, 21), (9, 117919), (9, 21), (9, 117919), (9, 19), (10, 21), (10, 117919), (10, 21), (10, 19), (10, 117919), (11, 21), (11, 21), (11, 19), (11, 117919), (11, 117919), (12, 21), (12, 21), (12, 117919), (12, 19), (12, 117919), (13, 21), (13, 21), (13, 19), (13, 117919), (13, 117919), (14, 21), (14, 19), (14, 117919), (14, 21), (14, 117919), (15, 21), (15, 19), (15, 21), (15, 117919), (15, 117919), (16, 19), (16, 21), (16, 117919), (16, 21), (16, 117919), (17, 21), (17, 117919), (17, 19), (17, 21), (17, 117919), (18, 21), (18, 21), (18, 117919), (18, 117919), (18, 19), (19, 19), (19, 21), (19, 21), (19, 117919), (19, 117919), (20, 19), (20, 21), (20, 21), (20, 117919), (20, 117919), (21, 21), (21, 117919), (21, 19), (21, 21), (21, 117919), (22, 19), (22, 21), (22, 21), (22, 117919), (22, 117919), (23, 21), (23, 19), (23, 117919), (23, 21), (23, 117919), (24, 21), (24, 21), (24, 117919), (24, 117919), (24, 19), (25, 21), (25, 19), (25, 21), (25, 117919), (25, 117919), (26, 21), (26, 21), (26, 117919), (26, 19), (26, 117919), (26, 21), (26, 117919), (26, 21), (26, 117919), (26, 21), (26, 117919)]


Duration: 48 minutes 30 seconds
Information from Client_3:

Signals: ['Update', 'Update', 'Update', 'Update', 'Update', 'Update', 'Update', 'Skip', 'Skip', 'Skip', 'Skip', 'Skip', 'Update', 'Update', 'Update', 'Update', 'Skip', 'Update', 'Update', 'Update', 'Update', 'Update', 'Skip', 'Update', 'Skip', 'Finish', None]
Data distribution: [(3, 134), (4, 185), (5, 160), (6, 187)]
Accuracy: [0.9864864864864865, 0.990990990990991, 0.984984984984985, 0.9984984984984985, 0.993993993993994, 0.9984984984984985, 0.993993993993994, 0.993993993993994, 0.993993993993994, 0.993993993993994, 0.993993993993994, 0.993993993993994, 0.993993993993994, 0.972972972972973, 0.9984984984984985, 0.9954954954954955, 0.9954954954954955, 0.987987987987988, 1.0, 1.0, 1.0, 1.0, 1.0, 1.0, 1.0, 0.9384384384384384]
Loss: [0.03695593113926324, 0.0210564401244152, 0.0675290910367039, 0.0034599556879997676, 0.03128965872615068, 0.006699511466484348, 0.014550365993603587, 0.014162286157939392, 0.014107699081217168, 0.014128967360606608, 0.014121387597035871, 0.014107865832143447, 0.043319977206093346, 0.1159809377689023, 0.002551498954930635, 0.017928679160935313, 0.017918231724417474, 0.035114144751126085, 0.0019867706069941382, 6.942124447691226e-05, 0.0006601404364749379, 0.00026041455009300824, 0.00026037643985686967, 0.003077933168076444, 0.0030734922626255534, 0.29086932370608504]
Training acc & loss: [[[0.27205082096836786, 0.9024024024024024], [0.06415825015441938, 0.9774774774774775], [0.03550604269416495, 0.9864864864864865]], [[0.09459957852959633, 0.972972972972973], [0.13517435335300185, 0.9624624624624625], [0.02090966096147895, 0.990990990990991]], [[0.10447086664763364, 0.9624624624624625], [0.017977422039786525, 0.996996996996997], [0.0702085641969461, 0.984984984984985]], [[0.02307322977999733, 0.990990990990991], [0.017265259645434773, 0.993993993993994], [0.0034586030419218746, 0.9984984984984985]], [[0.07384731190871786, 0.9714714714714715], [0.02456055679464374, 0.9924924924924925], [0.01830718157262626, 0.993993993993994]], [[0.00657985039155888, 0.9984984984984985], [0.031524252251653125, 0.993993993993994], [0.006752912557534397, 0.9984984984984985]], [[0.014775470154332155, 0.996996996996997], [0.01663614122398113, 0.9954954954954955], [0.017907801244952927, 0.993993993993994]], [[0.017907801244952927, 0.993993993993994], [0.017907801244952927, 0.993993993993994], [0.017907801244952927, 0.993993993993994]], [[0.017907801244952927, 0.993993993993994], [0.017907801244952927, 0.993993993993994], [0.017907801244952927, 0.993993993993994]], [[0.017907801244952927, 0.993993993993994], [0.017907801244952927, 0.993993993993994], [0.017907801244952927, 0.993993993993994]], [[0.017907801244952927, 0.993993993993994], [0.017907801244952927, 0.993993993993994], [0.017907801244952927, 0.993993993993994]], [[0.017907801244952927, 0.993993993993994], [0.017907801244952927, 0.993993993993994], [0.017907801244952927, 0.993993993993994]], [[0.03220765255338682, 0.990990990990991], [0.006540296887454711, 0.9984984984984985], [0.0431832913091057, 0.993993993993994]], [[0.0022671695392504757, 1.0], [0.008836961944532297, 0.996996996996997], [0.13202754792581056, 0.972972972972973]], [[0.0019687306008894334, 0.9984984984984985], [0.0029453917817260267, 0.9984984984984985], [0.002546526172368663, 0.9984984984984985]], [[0.015411455757533655, 0.993993993993994], [0.02284138556834395, 0.9924924924924925], [0.017936811366367197, 0.9954954954954955]], [[0.017936811366367197, 0.9954954954954955], [0.017936811366367197, 0.9954954954954955], [0.017936811366367197, 0.9954954954954955]], [[0.01016659918747626, 0.9954954954954955], [0.00917173413236841, 0.9954954954954955], [0.0322324447970459, 0.987987987987988]], [[0.01055575032106307, 0.996996996996997], [0.001048709803003786, 1.0], [0.0029161402740514445, 1.0]], [[0.008347414928555901, 0.9984984984984985], [0.00023094052990948265, 1.0], [6.356322059404688e-05, 1.0]], [[0.007817313589901625, 0.996996996996997], [3.0757987712025745e-05, 1.0], [0.00044223476462238153, 1.0]], [[6.150425235773582e-05, 1.0], [0.010050261681044503, 0.996996996996997], [0.0002603987144957505, 1.0]], [[0.0002603987144957505, 1.0], [0.0002603987144957505, 1.0], [0.0002603987144957505, 1.0]], [[0.042114746653003916, 0.996996996996997], [0.01836374360474285, 0.993993993993994], [0.00310751336275026, 1.0]], [[0.00310751336275026, 1.0], [0.00310751336275026, 1.0], [0.00310751336275026, 1.0]]]
Received data: [(0, 20), (0, 2013), (0, 610), (0, 119468), (1, 21), (1, 117919), (2, 21), (2, 117919), (3, 21), (3, 117919), (4, 21), (4, 117919), (5, 21), (5, 117919), (6, 21), (6, 117919), (7, 21), (7, 117919), (8, 19), (9, 19), (10, 19), (11, 19), (12, 19), (13, 21), (13, 117919), (14, 21), (14, 117919), (15, 21), (15, 117919), (16, 21), (16, 117919), (17, 19), (18, 21), (18, 117919), (19, 21), (19, 117919), (20, 21), (20, 117919), (21, 21), (21, 117919), (22, 21), (22, 117919), (23, 19), (24, 21), (24, 117919), (25, 19), (26, 21), (26, 117919)]
Send data: [(0, 23), (1, 117919), (2, 117919), (3, 117919), (4, 117919), (5, 117919), (6, 117919), (7, 117919), (8, 117919), (9, 117919), (10, 117919), (11, 117919), (12, 117919), (13, 117919), (14, 117919), (15, 117919), (16, 117919), (17, 117919), (18, 117919), (19, 117919), (20, 117919), (21, 117919), (22, 117919), (23, 117919), (24, 117919), (25, 117919), (26, 0)]
Strategies (if used): []


Information from Client_2:

Signals: ['Update', 'Update', 'Skip', 'Update', 'Update', 'Skip', 'Skip', 'Update', 'Update', 'Update', 'Update', 'Update', 'Skip', 'Skip', 'Update', 'Skip', 'Update', 'Update', 'Update', 'Skip', 'Update', 'Skip', 'Update', 'Skip', 'Update', 'Finish', None]
Data distribution: [(1, 92), (2, 204), (3, 37), (6, 15), (7, 210), (8, 108)]
Accuracy: [0.9579579579579579, 0.984984984984985, 0.984984984984985, 0.996996996996997, 0.9984984984984985, 0.9984984984984985, 0.9984984984984985, 0.9984984984984985, 1.0, 1.0, 1.0, 0.984984984984985, 0.984984984984985, 0.984984984984985, 1.0, 1.0, 1.0, 0.9984984984984985, 0.993993993993994, 0.993993993993994, 0.9984984984984985, 0.9984984984984985, 0.996996996996997, 0.996996996996997, 0.9984984984984985, 0.9564564564564565]
Loss: [0.11042997986078262, 0.05176511830226942, 0.04812105702744289, 0.010381611397447572, 0.010950789490545338, 0.011032107010991736, 0.01093096601438116, 0.009378348524809222, 0.001856662655799565, 0.0013801516562869604, 0.001910821913043037, 0.052866145841438665, 0.040968394912356, 0.0494535106911578, 0.001447405904235149, 0.0016388747065899554, 0.000628595475890589, 0.004605883170515054, 0.018587064870437396, 0.01859517390270908, 0.0027878407710979695, 0.0027881854591462548, 0.005946414937335992, 0.005944327384854246, 0.004711981739398897, 0.1598970124667341]
Training acc & loss: [[[0.5752818584442139, 0.8603603603603603], [0.2361980141563849, 0.9294294294294294], [0.11465643075379459, 0.9579579579579579]], [[0.2995580231601542, 0.8858858858858859], [0.06864315796304833, 0.9819819819819819], [0.045754689194092694, 0.984984984984985]], [[0.045754689194092694, 0.984984984984985], [0.045754689194092694, 0.984984984984985], [0.045754689194092694, 0.984984984984985]], [[0.09008252756162123, 0.9744744744744744], [0.03172886075282639, 0.9894894894894894], [0.010555073894052342, 0.996996996996997]], [[0.04613698392429135, 0.9864864864864865], [0.030686101452870804, 0.9924924924924925], [0.011050800750540062, 0.9984984984984985]], [[0.011050800750540062, 0.9984984984984985], [0.011050800750540062, 0.9984984984984985], [0.011050800750540062, 0.9984984984984985]], [[0.011050800750540062, 0.9984984984984985], [0.011050800750540062, 0.9984984984984985], [0.011050800750540062, 0.9984984984984985]], [[0.044375006067143244, 0.984984984984985], [0.017068243961230935, 0.993993993993994], [0.010544403858313506, 0.9984984984984985]], [[0.03817952153357593, 0.984984984984985], [0.0039003116861832414, 1.0], [0.001769067925951359, 1.0]], [[0.0577221042053266, 0.984984984984985], [0.0033600862370803952, 1.0], [0.001424406095545485, 1.0]], [[0.022151444022628395, 0.9924924924924925], [0.003428594439438629, 1.0], [0.0021858268062880434, 1.0]], [[0.01898978244703771, 0.990990990990991], [0.025045465445145965, 0.9924924924924925], [0.04096341248210096, 0.984984984984985]], [[0.04096341248210096, 0.984984984984985], [0.04096341248210096, 0.984984984984985], [0.04096341248210096, 0.984984984984985]], [[0.04096341248210096, 0.984984984984985], [0.04096341248210096, 0.984984984984985], [0.04096341248210096, 0.984984984984985]], [[0.007195831600587222, 0.996996996996997], [0.004193957111882893, 1.0], [0.0017359989367171445, 1.0]], [[0.0017359989367171445, 1.0], [0.0017359989367171445, 1.0], [0.0017359989367171445, 1.0]], [[0.011879673396999186, 0.9984984984984985], [0.014002603208857843, 0.996996996996997], [0.0005979235925637609, 1.0]], [[0.023439666282766582, 0.9864864864864865], [0.005471298942046071, 0.9984984984984985], [0.010228343546672973, 0.9984984984984985]], [[0.06792548878795722, 0.9834834834834835], [0.005068708560098788, 0.996996996996997], [0.018607324997322972, 0.993993993993994]], [[0.018607324997322972, 0.993993993993994], [0.018607324997322972, 0.993993993993994], [0.018607324997322972, 0.993993993993994]], [[0.0017514326791570056, 1.0], [0.004345225123159935, 0.9984984984984985], [0.0027897832807701143, 0.9984984984984985]], [[0.0027897832807701143, 0.9984984984984985], [0.0027897832807701143, 0.9984984984984985], [0.0027897832807701143, 0.9984984984984985]], [[0.017552248837918425, 0.9924924924924925], [0.02840002563094789, 0.9954954954954955], [0.005958196172783078, 0.996996996996997]], [[0.005958196172783078, 0.996996996996997], [0.005958196172783078, 0.996996996996997], [0.005958196172783078, 0.996996996996997]], [[0.001051678175930316, 1.0], [0.00124038613282871, 1.0], [0.004713583346983796, 0.9984984984984985]]]
Received data: [(0, 20), (0, 2014), (0, 610), (0, 119468), (1, 21), (1, 117919), (2, 21), (2, 117919), (3, 19), (4, 21), (4, 117919), (5, 21), (5, 117919), (6, 19), (7, 19), (8, 21), (8, 117919), (9, 21), (9, 117919), (10, 21), (10, 117919), (11, 21), (11, 117919), (12, 21), (12, 117919), (13, 19), (14, 19), (15, 21), (15, 117919), (16, 19), (17, 21), (17, 117919), (18, 21), (18, 117919), (19, 21), (19, 117919), (20, 19), (21, 21), (21, 117919), (22, 19), (23, 21), (23, 117919), (24, 19), (25, 21), (25, 117919), (26, 21), (26, 117919)]
Send data: [(0, 23), (1, 117919), (2, 117919), (3, 117919), (4, 117919), (5, 117919), (6, 117919), (7, 117919), (8, 117919), (9, 117919), (10, 117919), (11, 117919), (12, 117919), (13, 117919), (14, 117919), (15, 117919), (16, 117919), (17, 117919), (18, 117919), (19, 117919), (20, 117919), (21, 117919), (22, 117919), (23, 117919), (24, 117919), (25, 117919), (26, 0)]
Strategies (if used): []


Information from Client_1:

Signals: ['Skip', 'Skip', 'Update', 'Skip', 'Skip', 'Update', 'Update', 'Update', 'Update', 'Update', 'Update', 'Update', 'Update', 'Update', 'Skip', 'Update', 'Update', 'Skip', 'Skip', 'Update', 'Skip', 'Update', 'Update', 'Update', 'Update', 'Finish', None]
Data distribution: [(0, 199), (1, 134), (8, 113), (9, 220)]
Accuracy: [0.19369369369369369, 0.19369369369369369, 0.9864864864864865, 0.9864864864864865, 0.9864864864864865, 0.9984984984984985, 0.9984984984984985, 1.0, 0.9984984984984985, 0.9924924924924925, 0.9744744744744744, 0.996996996996997, 0.993993993993994, 1.0, 1.0, 0.987987987987988, 1.0, 1.0, 1.0, 0.996996996996997, 0.996996996996997, 0.9954954954954955, 1.0, 0.9984984984984985, 0.996996996996997, 0.972972972972973]
Loss: [3.318987022746693, 3.3075683333657007, 0.03596940467303449, 0.035159312865950844, 0.039238466627218506, 0.009980801006101749, 0.0040577612830516455, 0.0022021071768408133, 0.005405884611801329, 0.016638613266670953, 0.08401244377124716, 0.010041583931359293, 0.013979063416296744, 0.0005068619338172456, 0.0005461059627123177, 0.0535004921416244, 0.00031238530374883504, 0.0003096278654766138, 0.0003114834070484821, 0.015269424378113234, 0.015731975666395472, 0.011442113578182629, 0.00033788404731183164, 0.0022833177029455824, 0.011332378886831666, 0.1496538293378597]
Training acc & loss: [[[nan, nan], [nan, nan], [nan, nan]], [[nan, nan], [nan, nan], [nan, nan]], [[0.2525071027604016, 0.9009009009009009], [0.08597061038017273, 0.963963963963964], [0.035766779191114685, 0.9864864864864865]], [[0.035766779191114685, 0.9864864864864865], [0.035766779191114685, 0.9864864864864865], [0.035766779191114685, 0.9864864864864865]], [[0.035766779191114685, 0.9864864864864865], [0.035766779191114685, 0.9864864864864865], [0.035766779191114685, 0.9864864864864865]], [[0.06117508230222897, 0.9819819819819819], [0.05263038296305405, 0.9864864864864865], [0.009666231513785368, 0.9984984984984985]], [[0.034115778620947494, 0.987987987987988], [0.01776018444533375, 0.9924924924924925], [0.0059481320706915785, 0.9984984984984985]], [[0.03268805734643882, 0.9864864864864865], [0.009247767070932738, 0.9984984984984985], [0.0022153906386599624, 1.0]], [[0.00667250782399523, 0.9984984984984985], [0.012917061960747973, 0.9954954954954955], [0.005515869995261627, 0.9984984984984985]], [[0.014376195846125484, 0.9954954954954955], [0.033241047983293276, 0.987987987987988], [0.017037096422758292, 0.9924924924924925]], [[0.004443413546224209, 1.0], [0.006652921107491817, 0.9984984984984985], [0.08174864563543836, 0.9744744744744744]], [[0.005237908013937572, 0.9984984984984985], [0.00876009524455929, 0.996996996996997], [0.010053719957299605, 0.996996996996997]], [[0.013956198532303626, 0.9984984984984985], [0.023872413598424333, 0.9894894894894894], [0.014678723896808648, 0.993993993993994]], [[0.00479927348417484, 0.9984984984984985], [0.0050997856702782556, 0.9984984984984985], [0.0005109238607639617, 1.0]], [[0.0005109238607639617, 1.0], [0.0005109238607639617, 1.0], [0.0005109238607639617, 1.0]], [[0.023563697743652898, 0.9954954954954955], [0.03268366162030196, 0.9894894894894894], [0.05916914232710207, 0.987987987987988]], [[0.001775766954034969, 1.0], [0.0009624715697679097, 1.0], [0.00030962663343426686, 1.0]], [[0.00030962663343426686, 1.0], [0.00030962663343426686, 1.0], [0.00030962663343426686, 1.0]], [[0.00030962663343426686, 1.0], [0.00030962663343426686, 1.0], [0.00030962663343426686, 1.0]], [[0.0652770474602717, 0.984984984984985], [0.0018319109925538544, 1.0], [0.019027861594539498, 0.996996996996997]], [[0.019027861594539498, 0.996996996996997], [0.019027861594539498, 0.996996996996997], [0.019027861594539498, 0.996996996996997]], [[0.004098777320078542, 0.9984984984984985], [0.0017838887073134463, 1.0], [0.011504404568272135, 0.9954954954954955]], [[0.06382896266983483, 0.9804804804804805], [0.0005489802190587731, 1.0], [0.0003378825692705463, 1.0]], [[0.006039784416398933, 0.9984984984984985], [0.0025487910041203, 0.9984984984984985], [0.0022832601522498985, 0.9984984984984985]], [[0.003642502353779326, 0.996996996996997], [0.0031089745345062943, 0.9984984984984985], [0.011332395683786765, 0.996996996996997]]]
Received data: [(0, 20), (0, 2007), (0, 610), (0, 119468), (1, 19), (2, 19), (3, 21), (3, 117919), (4, 19), (5, 19), (6, 21), (6, 117919), (7, 21), (7, 117919), (8, 21), (8, 117919), (9, 21), (9, 117919), (10, 21), (10, 117919), (11, 21), (11, 117919), (12, 21), (12, 117919), (13, 21), (13, 117919), (14, 21), (14, 117919), (15, 19), (16, 21), (16, 117919), (17, 21), (17, 117919), (18, 19), (19, 19), (20, 21), (20, 117919), (21, 19), (22, 21), (22, 117919), (23, 21), (23, 117919), (24, 21), (24, 117919), (25, 21), (25, 117919), (26, 21), (26, 117919)]
Send data: [(0, 23), (1, 117919), (2, 117919), (3, 117919), (4, 117919), (5, 117919), (6, 117919), (7, 117919), (8, 117919), (9, 117919), (10, 117919), (11, 117919), (12, 117919), (13, 117919), (14, 117919), (15, 117919), (16, 117919), (17, 117919), (18, 117919), (19, 117919), (20, 117919), (21, 117919), (22, 117919), (23, 117919), (24, 117919), (25, 117919), (26, 0)]
Strategies (if used): []


