The following training was conducted:

C: 0.8
K: 3
R: 15
E: 3
B: 64
optimizer: <class 'torch.optim.adam.Adam'>
criterion: CrossEntropyLoss()
lr: 0.01
data_name: CIFAR10
iid: False
shards_each: 2
ternary: True
personalized: True
model: <class 'models.Net_4'>
LESS_DATA: 10000
SERVER_TEST_SIZE: 1000
SERVER_TRAIN_SIZE: 1000


Information from Server:

Accuracy: [0.1, 0.1, 0.1, 0.1, 0.1, 0.1, 0.1, 0.1, 0.1, 0.1, 0.1, 0.1, 0.1, 0.1, 0.1]
Loss: [2.3485027551651, 2.3313899785280228, 2.3481658548116684, 2.340201750397682, 2.3569909930229187, 2.344548836350441, 2.3577817529439926, 2.373486205935478, 2.3482557386159897, 2.4344339817762375, 2.34683521091938, 2.351038247346878, 2.437358245253563, 2.37235489487648, 2.3935709297657013]
Received data: [(1, 23), (1, 23), (1, 23), (2, 250878), (2, 250878), (2, 250878), (3, 250878), (3, 250878), (3, 250878), (4, 250878), (4, 250878), (4, 250878), (5, 250878), (5, 250878), (5, 250878), (6, 250878), (6, 250878), (6, 250878), (7, 250878), (7, 250878), (7, 250878), (8, 250878), (8, 250878), (8, 250878), (9, 250878), (9, 250878), (9, 250878), (10, 250878), (10, 250878), (10, 250878), (11, 250878), (11, 250878), (11, 250878), (12, 250878), (12, 250878), (12, 250878), (13, 250878), (13, 250878), (13, 250878), (14, 250878), (14, 250878), (14, 250878), (15, 250878), (15, 250878), (15, 250878), (16, 250878), (16, 250878), (16, 250878)]
Send data: [(1, 22), (1, 9995), (1, 612), (1, 252585), (1, 22), (1, 10001), (1, 612), (1, 252585), (1, 22), (1, 9999), (1, 612), (1, 252585), (2, 19), (2, 21), (2, 250878), (2, 21), (2, 250878), (3, 19), (3, 21), (3, 21), (3, 250878), (3, 250878), (4, 19), (4, 21), (4, 21), (4, 250878), (4, 250878), (5, 21), (5, 19), (5, 250878), (5, 21), (5, 250878), (6, 19), (6, 21), (6, 21), (6, 250878), (6, 250878), (7, 21), (7, 19), (7, 21), (7, 250878), (7, 250878), (8, 19), (8, 21), (8, 21), (8, 250878), (8, 250878), (9, 21), (9, 19), (9, 21), (9, 250878), (9, 250878), (10, 21), (10, 19), (10, 21), (10, 250878), (10, 250878), (11, 21), (11, 21), (11, 250878), (11, 19), (11, 250878), (12, 19), (12, 21), (12, 21), (12, 250878), (12, 250878), (13, 21), (13, 21), (13, 19), (13, 250878), (13, 250878), (14, 21), (14, 19), (14, 250878), (14, 21), (14, 250878), (15, 21), (15, 21), (15, 19), (15, 250878), (15, 250878), (16, 21), (16, 21), (16, 250878), (16, 19), (16, 250878), (16, 21), (16, 250878), (16, 21), (16, 250878), (16, 21), (16, 250878)]


Information from Client_2:

Signals: ['Update', 'Update', 'Update', 'Skip', 'Update', 'Skip', 'Update', 'Skip', 'Skip', 'Update', 'Update', 'Update', 'Skip', 'Update', 'Update', 'Finish', None]
Data distribution: [(3, 692), (4, 1016), (5, 1010), (6, 614)]
Accuracy: [0.4189675870348139, 0.41086434573829533, 0.4567827130852341, 0.4414765906362545, 0.4474789915966387, 0.4606842737094838, 0.30342136854741897, 0.31362545018007204, 0.3727490996398559, 0.304921968787515, 0.30312124849939975, 0.30312124849939975, 0.304921968787515, 0.30312124849939975, 0.304921968787515, 0.30312124849939975, 0.30312124849939975, 0.304921968787515, 0.304921968787515, 0.304921968787515, 0.30312124849939975, 0.30312124849939975, 0.304921968787515, 0.30312124849939975, 0.304921968787515, 0.20768307322929172, 0.304921968787515, 0.30312124849939975, 0.304921968787515, 0.30312124849939975]
Loss: [1.2870425075854894, 1.316880909901745, 1.2328809747156106, 1.2885255318767619, 1.2783266485862013, 1.2291027734864433, 1.3771625959648277, 1.3808605648436636, 1.3314806155438692, 1.3750662038911063, 1.382386124358987, 1.3745389164618727, 1.3896982444907136, 1.3955722889810238, 1.3783699139109198, 1.3810799391764514, 1.384582762448293, 1.3787793978205267, 1.397352931634435, 1.3643284878640805, 1.3647491706992096, 1.3834614416338362, 1.3783539443645838, 1.3772781502525762, 1.3771519391041882, 1.3837748136160508, 1.3964214999720734, 1.3943540825034089, 1.3682061478776752, 1.3635747342739466]
Received data: [(0, 22), (0, 10001), (0, 612), (0, 252585), (0, 21), (0, 250878), (1, 21), (1, 250878), (2, 21), (2, 250878), (3, 19), (3, 21), (3, 250878), (4, 19), (4, 21), (4, 250878), (5, 19), (5, 19), (5, 21), (5, 250878), (6, 21), (6, 250878), (7, 21), (7, 250878), (8, 19), (8, 21), (8, 250878), (9, 21), (9, 250878), (10, 21), (10, 250878)]
Send data: [(0, 23), (1, 250878), (2, 250878), (3, 250878), (3, 250878), (4, 250878), (4, 250878), (5, 250878), (5, 250878), (5, 250878), (6, 250878), (7, 250878), (8, 250878), (8, 250878), (9, 250878), (10, 250878)]
Strategies (if used): ['Strategy 2', 'Strategy 1', 'Strategy 2', 'Strategy 1', 'Strategy 1', 'Strategy 1', 'Strategy 1', 'Strategy 1', 'Strategy 1', 'Strategy 1']


Information from Client_3:

Signals: ['Update', 'Update', 'Update', 'Update', 'Update', 'Update', 'Update', 'Update', 'Update', 'Skip', 'Update', 'Skip', 'Update', 'Skip', 'Skip', 'Finish', None]
Data distribution: [(0, 1036), (1, 630), (8, 667), (9, 999)]
Accuracy: [0.31092436974789917, 0.31092436974789917, 0.31092436974789917, 0.29981992797118845, 0.29981992797118845, 0.31092436974789917, 0.29981992797118845, 0.29981992797118845, 0.31092436974789917, 0.3751500600240096, 0.3292316926770708, 0.30012004801920766, 0.30012004801920766, 0.31092436974789917, 0.31092436974789917, 0.29981992797118845, 0.31092436974789917, 0.29981992797118845, 0.29981992797118845, 0.29981992797118845, 0.31092436974789917, 0.29981992797118845, 0.29981992797118845, 0.31092436974789917, 0.29981992797118845, 0.31092436974789917, 0.31092436974789917, 0.29981992797118845, 0.29981992797118845, 0.31092436974789917, 0.29981992797118845, 0.31092436974789917, 0.29981992797118845]
Loss: [1.386753316195506, 1.3700241682664402, 1.3693427837119911, 1.3819562624085624, 1.3723544737078108, 1.3729234281575904, 1.3695925789059333, 1.3655180391275659, 1.3755515611396645, 1.3360264886100337, 1.357380396914932, 1.376507192287805, 1.3749175476578046, 1.366510827586336, 1.362610805709407, 1.3776610122536712, 1.3692940675987388, 1.3940973191891077, 1.3698545289489459, 1.3752178043689367, 1.3723106024400242, 1.380587343899709, 1.3757654968297706, 1.366471600982378, 1.3954169727721304, 1.3688791540433776, 1.367378516017266, 1.3831931262646082, 1.3808002202016003, 1.365409920800407, 1.3658773989047643, 1.3772804804568022, 1.3754242073814824]
Received data: [(0, 22), (0, 9999), (0, 612), (0, 252585), (0, 21), (0, 250878), (1, 21), (1, 250878), (2, 21), (2, 250878), (3, 21), (3, 250878), (4, 21), (4, 250878), (5, 21), (5, 250878), (6, 21), (6, 250878), (7, 21), (7, 250878), (8, 21), (8, 250878), (9, 19), (9, 21), (9, 250878), (10, 19), (10, 21), (10, 250878), (11, 19), (11, 19), (11, 21), (11, 250878)]
Send data: [(0, 23), (1, 250878), (2, 250878), (3, 250878), (4, 250878), (5, 250878), (6, 250878), (7, 250878), (8, 250878), (9, 250878), (9, 250878), (10, 250878), (10, 250878), (11, 250878), (11, 250878), (11, 250878)]
Strategies (if used): ['Strategy 1', 'Strategy 1', 'Strategy 1', 'Strategy 1', 'Strategy 1', 'Strategy 1', 'Strategy 1', 'Strategy 1', 'Strategy 1', 'Strategy 1', 'Strategy 1']


Information from Client_1:

Signals: ['Skip', 'Skip', 'Skip', 'Update', 'Skip', 'Update', 'Skip', 'Update', 'Update', 'Update', 'Skip', 'Update', 'Update', 'Update', 'Update', 'Finish', None]
Data distribution: [(1, 344), (2, 1023), (3, 299), (6, 375), (7, 981), (8, 310)]
Accuracy: [0.29441776710684275, 0.29441776710684275, 0.29441776710684275, 0.29441776710684275, 0.29441776710684275, 0.29441776710684275, 0.29441776710684275, 0.3070228091236495, 0.29441776710684275, 0.29441776710684275, 0.3070228091236495, 0.3070228091236495, 0.29441776710684275, 0.29441776710684275, 0.29441776710684275, 0.29441776710684275, 0.29441776710684275, 0.29441776710684275, 0.29441776710684275, 0.29441776710684275, 0.3070228091236495, 0.3070228091236495, 0.3070228091236495, 0.3070228091236495, 0.3070228091236495, 0.29441776710684275, 0.3070228091236495]
Loss: [1.6456544016892056, 1.6386906425907928, 1.6590903682528801, 1.6649227074857027, 1.6656736765267715, 1.6497927746682797, 1.6570794964736362, 1.6570216889651317, 1.6574184647146262, 1.658091421397227, 1.643595355861592, 1.6529183027879246, 1.6575389088324781, 1.6690051533141226, 1.6704674464351725, 1.654424878786195, 1.659127730243611, 1.6411186186772473, 1.653446636109982, 1.668247899919186, 1.6805607867690753, 1.655143917731519, 1.671074518617594, 1.664317787818189, 1.657128192343802, 1.6638623183628298, 1.6674393685358875]
Received data: [(0, 22), (0, 9995), (0, 612), (0, 252585), (0, 19), (0, 19), (0, 19), (0, 21), (0, 250878), (1, 19), (1, 21), (1, 250878), (2, 19), (2, 21), (2, 250878), (3, 21), (3, 250878), (4, 21), (4, 250878), (5, 19), (5, 21), (5, 250878), (6, 21), (6, 250878), (7, 21), (7, 250878), (8, 21), (8, 250878), (9, 21), (9, 250878)]
Send data: [(0, 23), (0, 250878), (0, 250878), (0, 250878), (1, 250878), (1, 250878), (2, 250878), (2, 250878), (3, 250878), (4, 250878), (5, 250878), (5, 250878), (6, 250878), (7, 250878), (8, 250878), (9, 250878)]
Strategies (if used): ['Strategy 1', 'Strategy 1', 'Strategy 1', 'Strategy 1', 'Strategy 1', 'Strategy 1', 'Strategy 1', 'Strategy 1', 'Strategy 1']


Duration: 1207 minutes 35 seconds
