The following training was conducted:

C: 0.8
K: 2
R: 15
E: 3
B: 64
optimizer: <class 'torch.optim.adam.Adam'>
criterion: CrossEntropyLoss()
lr: 0.01
data_name: MNIST
shards_each: 2
ternary: False
personalized: True
iid: True
model: <class 'models.Net_2'>
LESS_DATA: 1000
SERVER_TEST_SIZE: 1000
SERVER_TRAIN_SIZE: 100


Information from Server:

Accuracy: [0.14, 0.1, 0.24, 0.28, 0.42, 0.19, 0.18, 0.28, 0.38, 0.31, 0.49, 0.3, 0.19, 0.19, 0.36]
Loss: [5.83317494392395, 2.5842533111572266, 2.5903048515319824, 2.395686388015747, 1.861270785331726, 4.276439666748047, 4.471923112869263, 2.882989764213562, 2.2839484214782715, 2.6603589057922363, 1.7628569602966309, 3.104925751686096, 2.993188977241516, 3.931602954864502, 3.2077962160110474]
Received data: [(1, 23), (1, 23), (2, 117919), (2, 117919), (3, 117919), (3, 117919), (4, 117919), (4, 117919), (5, 117919), (5, 117919), (6, 117919), (6, 117919), (7, 117919), (7, 117919), (8, 117919), (8, 117919), (9, 117919), (9, 117919), (10, 117919), (10, 117919), (11, 117919), (11, 117919), (12, 117919), (12, 117919), (13, 117919), (13, 117919), (14, 117919), (14, 117919), (15, 117919), (15, 117919), (16, 117919), (16, 117919)]
Send data: [(1, 20), (1, 4151), (1, 610), (1, 119468), (1, 20), (1, 4151), (1, 610), (1, 119468), (2, 21), (2, 19), (2, 117919), (3, 21), (3, 117919), (3, 19), (4, 21), (4, 19), (4, 117919), (5, 21), (5, 19), (5, 117919), (6, 21), (6, 19), (6, 117919), (7, 19), (7, 21), (7, 117919), (8, 21), (8, 19), (8, 117919), (9, 21), (9, 117919), (9, 19), (10, 21), (10, 117919), (10, 19), (11, 21), (11, 19), (11, 117919), (12, 21), (12, 19), (12, 117919), (13, 19), (13, 21), (13, 117919), (14, 19), (14, 21), (14, 117919), (15, 21), (15, 19), (15, 117919), (16, 19), (16, 21), (16, 117919), (16, 21), (16, 117919), (16, 21), (16, 117919)]


Duration: 10 minutes 4 seconds
Information from Client_1:

Signals: ['Update', 'Update', 'Update', 'Update', 'Update', 'Skip', 'Update', 'Update', 'Update', 'Update', 'Update', 'Skip', 'Skip', 'Update', 'Skip', 'Finish', None]
Data distribution: [(0, 52), (1, 46), (2, 42), (3, 62), (4, 54), (5, 41), (6, 62), (7, 41), (8, 50), (9, 50)]
Accuracy: [0.156, 0.112, 0.168, 0.046, 0.132, 0.132, 0.148, 0.12, 0.12, 0.078, 0.124, 0.124, 0.124, 0.152, 0.152, 0.306]
Loss: [15.722294807434082, 5.388351023197174, 4.856457531452179, 8.066253423690796, 6.698966801166534, 6.7011473178863525, 7.109072744846344, 7.20057487487793, 8.57906037569046, 10.2857905626297, 6.976138710975647, 6.97235906124115, 6.97845184803009, 6.576089143753052, 6.537198901176453, 2.7735862731933594]
Training acc & loss: [[[1.5724222958087921, 0.616], [0.6484501324594021, 0.774], [0.37995754927396774, 0.886]], [[2.1414247155189514, 0.324], [1.7046047747135162, 0.37], [0.9836803823709488, 0.67]], [[2.2752526104450226, 0.148], [1.805776983499527, 0.388], [0.9012716710567474, 0.696]], [[1.4023938477039337, 0.558], [0.4739848468452692, 0.84], [0.1513605653308332, 0.952]], [[0.44011758267879486, 0.856], [0.11562488274648786, 0.976], [0.030181277019437402, 0.992]], [], [[0.6074262484908104, 0.846], [0.15166796278208494, 0.96], [0.046111167408525944, 0.99]], [[0.5533094443380833, 0.878], [0.11958749732002616, 0.966], [0.035813272232189775, 0.992]], [[0.29945314675569534, 0.908], [0.06715009221807122, 0.982], [0.017298357794061303, 1.0]], [[0.23589849844574928, 0.936], [0.06636305991560221, 0.976], [0.018673474667593837, 0.996]], [[0.24144300818443298, 0.936], [0.07225998840294778, 0.98], [0.013170723061193712, 0.998]], [], [], [[0.31945595890283585, 0.898], [0.0820156754925847, 0.978], [0.01917854032944888, 0.998]], []]
Received data: [(0, 20), (0, 4151), (0, 610), (0, 119468), (0, 21), (0, 117919), (1, 21), (1, 117919), (2, 21), (2, 117919), (3, 21), (3, 117919), (4, 21), (4, 117919), (5, 19), (5, 21), (5, 117919), (6, 21), (6, 117919), (7, 21), (7, 117919), (8, 21), (8, 117919), (9, 21), (9, 117919), (10, 19), (10, 19), (10, 21), (10, 117919), (11, 19), (11, 21), (11, 117919)]
Send data: [(0, 23), (1, 117919), (2, 117919), (3, 117919), (4, 117919), (5, 117919), (5, 117919), (6, 117919), (7, 117919), (8, 117919), (9, 117919), (10, 117919), (10, 117919), (10, 117919), (11, 117919), (11, 117919)]
Strategies (if used): []


Information from Client_2:

Signals: ['Skip', 'Skip', 'Skip', 'Skip', 'Skip', 'Update', 'Skip', 'Skip', 'Skip', 'Skip', 'Skip', 'Update', 'Update', 'Skip', 'Update', 'Finish', None]
Data distribution: [(0, 52), (1, 65), (2, 53), (3, 46), (4, 48), (5, 31), (6, 46), (7, 62), (8, 47), (9, 50)]
Accuracy: [0.142, 0.142, 0.142, 0.142, 0.142, 0.122, 0.122, 0.122, 0.122, 0.122, 0.122, 0.122, 0.082, 0.082, 0.078, 0.388]
Loss: [3.1792627573013306, 3.183580130338669, 3.177806407213211, 3.177682489156723, 3.182338625192642, 9.8058380484581, 9.818057537078857, 9.804093599319458, 9.789880275726318, 9.793354630470276, 9.814212441444397, 7.066317141056061, 8.615290343761444, 8.624336242675781, 7.88825523853302, 2.367833212018013]
Training acc & loss: [[], [], [], [], [], [[0.44283854961395264, 0.862], [0.16343889106065035, 0.956], [0.05499082733877003, 0.986]], [], [], [], [], [], [[0.18910412956029177, 0.942], [0.07378986105322838, 0.976], [0.017607644462259486, 0.998]], [[0.35052815452218056, 0.88], [0.06031990563496947, 0.986], [0.014247239916585386, 0.998]], [], [[0.35729147493839264, 0.882], [0.0856418046168983, 0.988], [0.018627763027325273, 0.998]]]
Received data: [(0, 20), (0, 4151), (0, 610), (0, 119468), (0, 19), (0, 19), (0, 19), (0, 19), (0, 19), (0, 21), (0, 117919), (1, 19), (1, 19), (1, 19), (1, 19), (1, 19), (1, 21), (1, 117919), (2, 21), (2, 117919), (3, 19), (3, 21), (3, 117919), (4, 21), (4, 117919)]
Send data: [(0, 23), (0, 117919), (0, 117919), (0, 117919), (0, 117919), (0, 117919), (1, 117919), (1, 117919), (1, 117919), (1, 117919), (1, 117919), (1, 117919), (2, 117919), (3, 117919), (3, 117919), (4, 117919)]
Strategies (if used): []


