The following training was conducted:

C: 0.8
K: 3
R: 15
E: 3
B: 64
optimizer: <class 'torch.optim.adam.Adam'>
criterion: CrossEntropyLoss()
lr: 0.01
data_name: CIFAR10
iid: False
shards_each: 2
ternary: False
personalized: False
model: <class 'models.Net_4'>
LESS_DATA: 10000
SERVER_TEST_SIZE: 1000
SERVER_TRAIN_SIZE: 1000


Information from Server:

Accuracy: [0.1, 0.1, 0.115, 0.13, 0.16, 0.194, 0.195, 0.191, 0.206, 0.232, 0.257, 0.245, 0.225, 0.249, 0.238]
Loss: [2.4843646734952927, 2.5990101248025894, 2.413235694169998, 2.4364513158798218, 2.4030023515224457, 2.3516365438699722, 2.3991717994213104, 2.4115578085184097, 2.4801469892263412, 2.504488706588745, 2.421835884451866, 2.5355660170316696, 2.595523789525032, 2.5536509305238724, 2.6108295023441315]
Received data: [(1, 23), (1, 23), (1, 23), (2, 250878), (2, 250878), (2, 250878), (3, 250878), (3, 250878), (3, 250878), (4, 250878), (4, 250878), (4, 250878), (5, 250878), (5, 250878), (5, 250878), (6, 250878), (6, 250878), (6, 250878), (7, 250878), (7, 250878), (7, 250878), (8, 250878), (8, 250878), (8, 250878), (9, 250878), (9, 250878), (9, 250878), (10, 250878), (10, 250878), (10, 250878), (11, 250878), (11, 250878), (11, 250878), (12, 250878), (12, 250878), (12, 250878), (13, 250878), (13, 250878), (13, 250878), (14, 250878), (14, 250878), (14, 250878), (15, 250878), (15, 250878), (15, 250878), (16, 250878), (16, 250878), (16, 250878)]
Send data: [(1, 22), (1, 9991), (1, 612), (1, 252585), (1, 22), (1, 10002), (1, 612), (1, 252585), (1, 22), (1, 10010), (1, 612), (1, 252585), (2, 19), (2, 21), (2, 250878), (2, 21), (2, 250878), (3, 21), (3, 21), (3, 19), (3, 250878), (3, 250878), (4, 21), (4, 19), (4, 21), (4, 250878), (4, 250878), (5, 19), (5, 21), (5, 21), (5, 250878), (5, 250878), (6, 19), (6, 21), (6, 21), (6, 250878), (6, 250878), (7, 21), (7, 250878), (7, 19), (7, 21), (7, 250878), (8, 21), (8, 21), (8, 19), (8, 250878), (8, 250878), (9, 21), (9, 21), (9, 250878), (9, 19), (9, 250878), (10, 21), (10, 19), (10, 250878), (10, 21), (10, 250878), (11, 19), (11, 21), (11, 21), (11, 250878), (11, 250878), (12, 21), (12, 21), (12, 19), (12, 250878), (12, 250878), (13, 19), (13, 21), (13, 21), (13, 250878), (13, 250878), (14, 19), (14, 21), (14, 21), (14, 250878), (14, 250878), (15, 21), (15, 21), (15, 250878), (15, 19), (15, 250878), (16, 21), (16, 21), (16, 250878), (16, 19), (16, 250878), (16, 21), (16, 250878), (16, 21), (16, 250878), (16, 21), (16, 250878)]


Information from Client_3:

Signals: ['Update', 'Skip', 'Update', 'Update', 'Update', 'Update', 'Skip', 'Skip', 'Update', 'Update', 'Skip', 'Update', 'Update', 'Skip', 'Skip', 'Finish', None]
Data distribution: [(3, 757), (4, 909), (8, 684), (9, 982)]
Accuracy: [0.47509003601440575, 0.4015606242496999, 0.4894957983193277, 0.42707082833133253, 0.26380552220888354, 0.43517406962785116, 0.47839135654261705, 0.5801320528211285, 0.5501200480192077, 0.4117647058823529, 0.4507803121248499, 0.41536614645858344, 0.4597839135654262, 0.4477791116446579, 0.5237094837935174, 0.48559423769507803, 0.5759303721488596, 0.6074429771908764, 0.5507202881152461, 0.6449579831932774, 0.6731692677070829, 0.6659663865546218, 0.6929771908763506, 0.6815726290516206, 0.6242496998799519, 0.6557623049219687, 0.6998799519807923]
Loss: [1.1994542198361091, 1.2135907074190535, 1.0344186976270855, 1.3045602688249551, 1.3920671332557246, 1.3918680987268124, 1.157143163231184, 1.0013617637022487, 1.0301651122435085, 1.2365668809638832, 1.1590082150585246, 1.2208501437924943, 1.1403446557386867, 1.3042589740933113, 1.052862358543108, 1.0828382102948315, 0.9912859999908591, 1.0444021663575802, 1.0089799581833605, 0.9262810799310792, 0.8361943544081922, 0.8489093240701927, 0.7486966145488451, 0.8008886305791028, 0.9073232581030648, 0.8199462665701812, 0.761763832479153]
Received data: [(0, 22), (0, 10010), (0, 612), (0, 252585), (0, 21), (0, 250878), (1, 19), (1, 21), (1, 250878), (2, 21), (2, 250878), (3, 21), (3, 250878), (4, 21), (4, 250878), (5, 19), (5, 19), (5, 21), (5, 250878), (6, 21), (6, 250878), (7, 19), (7, 21), (7, 250878), (8, 21), (8, 250878), (9, 19), (9, 19), (9, 21), (9, 250878)]
Send data: [(0, 23), (1, 250878), (1, 250878), (2, 250878), (3, 250878), (4, 250878), (5, 250878), (5, 250878), (5, 250878), (6, 250878), (7, 250878), (7, 250878), (8, 250878), (9, 250878), (9, 250878), (9, 250878)]
Strategies (if used): []


Information from Client_2:

Signals: ['Update', 'Update', 'Skip', 'Update', 'Update', 'Skip', 'Update', 'Update', 'Skip', 'Update', 'Update', 'Update', 'Update', 'Update', 'Update', 'Finish', None]
Data distribution: [(1, 298), (2, 1040), (3, 328), (6, 393), (7, 993), (8, 280)]
Accuracy: [0.35384153661464585, 0.41596638655462187, 0.5201080432172869, 0.367046818727491, 0.40516206482593037, 0.4414765906362545, 0.4699879951980792, 0.45018007202881155, 0.5003001200480192, 0.4381752701080432, 0.44537815126050423, 0.4951980792316927, 0.5201080432172869, 0.5582232893157263, 0.5594237695078031, 0.5177070828331333, 0.5033013205282113, 0.5291116446578632, 0.5546218487394958, 0.5603241296518607, 0.5792316926770709, 0.5825330132052821, 0.5690276110444178, 0.5975390156062425, 0.5279111644657863, 0.6164465786314526, 0.5837334933973589, 0.5831332533013205, 0.5615246098439376, 0.6128451380552221, 0.5717286914765907, 0.5801320528211285, 0.6008403361344538, 0.5690276110444178, 0.5720288115246098, 0.6194477791116446]
Loss: [1.6071008151432253, 1.4010249196358446, 1.2600745637461823, 1.5529799798749528, 1.4749385748269424, 1.6873256080555465, 1.3849881909928232, 1.7829719107106048, 1.226778043890899, 1.3695602304530594, 1.3492192682230248, 1.298955355050429, 1.284718690053472, 1.1339500332778354, 1.1118087082538965, 1.2061511131952394, 1.2420859606760852, 1.1546350323928978, 1.1924858543108094, 1.1379057697530062, 1.0688699528856098, 1.045112113907652, 1.1196818779099662, 1.0915439466260515, 1.19320476954838, 0.987020898540065, 1.0452019808427342, 1.084652359755534, 1.1543180335242793, 0.958587424935035, 1.065606028403876, 1.0741216371644218, 1.1130270069500185, 1.0775655058195006, 1.1072374649767607, 0.975683111064839]
Received data: [(0, 22), (0, 10002), (0, 612), (0, 252585), (0, 21), (0, 250878), (1, 21), (1, 250878), (2, 19), (2, 21), (2, 250878), (3, 21), (3, 250878), (4, 19), (4, 21), (4, 250878), (5, 21), (5, 250878), (6, 19), (6, 21), (6, 250878), (7, 21), (7, 250878), (8, 21), (8, 250878), (9, 21), (9, 250878), (10, 21), (10, 250878), (11, 21), (11, 250878), (12, 21), (12, 250878)]
Send data: [(0, 23), (1, 250878), (2, 250878), (2, 250878), (3, 250878), (4, 250878), (4, 250878), (5, 250878), (6, 250878), (6, 250878), (7, 250878), (8, 250878), (9, 250878), (10, 250878), (11, 250878), (12, 250878)]
Strategies (if used): []


Information from Client_1:

Signals: ['Skip', 'Update', 'Update', 'Skip', 'Skip', 'Update', 'Update', 'Update', 'Update', 'Skip', 'Update', 'Skip', 'Skip', 'Update', 'Update', 'Finish', None]
Data distribution: [(0, 952), (1, 714), (4, 80), (5, 977), (6, 609)]
Accuracy: [0.2857142857142857, 0.2932172869147659, 0.2857142857142857, 0.5021008403361344, 0.5474189675870348, 0.5162064825930373, 0.6050420168067226, 0.6398559423769508, 0.6122448979591837, 0.6308523409363745, 0.617046818727491, 0.6533613445378151, 0.6248499399759904, 0.6434573829531812, 0.6392557022809123, 0.6710684273709484, 0.6449579831932774, 0.6239495798319328, 0.6611644657863145, 0.6650660264105642, 0.7073829531812725, 0.6494597839135654, 0.5792316926770709, 0.7271908763505402, 0.6740696278511404, 0.707983193277311, 0.7061824729891957]
Loss: [1.4584711272761506, 1.4548241237424455, 1.4593579386765103, 1.223584512494645, 1.1189039169617419, 1.137249523738645, 1.001707989089894, 0.948007529636599, 1.1212143133271415, 1.0605149842658133, 0.9858479646016967, 0.8779518019478276, 1.0079992211089943, 0.9169348152178638, 0.8722852401013644, 0.9119973013985831, 0.9806873809616521, 0.9122005532372672, 0.9061979955097414, 0.8400868537291041, 0.7557531190368364, 0.8939461291960951, 0.8619313408743661, 0.6896013668123281, 0.8361721994741907, 0.7864548586449533, 0.7608636032860234]
Received data: [(0, 22), (0, 9991), (0, 612), (0, 252585), (0, 19), (0, 21), (0, 250878), (1, 21), (1, 250878), (2, 19), (2, 19), (2, 21), (2, 250878), (3, 21), (3, 250878), (4, 21), (4, 250878), (5, 21), (5, 250878), (6, 19), (6, 21), (6, 250878), (7, 19), (7, 19), (7, 21), (7, 250878), (8, 21), (8, 250878), (9, 21), (9, 250878)]
Send data: [(0, 23), (0, 250878), (1, 250878), (2, 250878), (2, 250878), (2, 250878), (3, 250878), (4, 250878), (5, 250878), (6, 250878), (6, 250878), (7, 250878), (7, 250878), (7, 250878), (8, 250878), (9, 250878)]
Strategies (if used): []


Duration: 824 minutes 27 seconds
