The following training was conducted:

C: 0.8
K: 3
R: 5
E: 3
B: 64
optimizer: <class 'torch.optim.adam.Adam'>
criterion: CrossEntropyLoss()
lr: 0.01
data_name: MNIST
shards_each: 2
ternary: False
personalized: False
iid: False
model: <class 'models.Net_2'>
LESS_DATA: 1000
SERVER_TEST_SIZE: 1000
SERVER_TRAIN_SIZE: 100


Information from Server:

Accuracy: [0.1, 0.2, 0.37, 0.53, 0.62]
Loss: [2.2826370000839233, 2.1387531757354736, 2.1359182596206665, 1.2629655003547668, 1.1902015209197998]
Received data: [(1, 23), (1, 23), (1, 23), (2, 117895), (2, 117895), (2, 117895), (3, 117895), (3, 117895), (3, 117895), (4, 117895), (4, 117895), (4, 117895), (5, 117895), (5, 117895), (5, 117895), (6, 117895), (6, 117895), (6, 117895)]
Send data: [(1, 20), (1, 1011), (1, 610), (1, 119444), (1, 20), (1, 1011), (1, 610), (1, 119444), (1, 20), (1, 1012), (1, 610), (1, 119444), (2, 19), (2, 21), (2, 117895), (2, 21), (2, 117895), (3, 21), (3, 21), (3, 117895), (3, 117895), (3, 19), (4, 21), (4, 19), (4, 117895), (4, 21), (4, 117895), (5, 21), (5, 21), (5, 117895), (5, 117895), (5, 19), (6, 21), (6, 21), (6, 19), (6, 117895), (6, 117895), (6, 21), (6, 117895), (6, 21), (6, 117895), (6, 21), (6, 117895)]


Information from Client_2:

Signals: ['Update', 'Update', 'Skip', 'Update', 'Update', 'Finish', None]
Data distribution: [(5, 93), (6, 97), (7, 116), (8, 26)]
Accuracy: [0.5391566265060241, 0.9036144578313253, 0.927710843373494, 0.9006024096385542, 0.8765060240963856, 0.963855421686747, 0.9036144578313253, 0.9698795180722891, 0.9668674698795181, 0.9789156626506024, 0.9819277108433735, 0.9969879518072289]
Loss: [1.0284931063652039, 0.2689237395922343, 0.1461715530604124, 0.5023818438251814, 0.2850008284052213, 0.1048051988085111, 0.21297273163994154, 0.10007658360215525, 0.11338540601233642, 0.047301786563669644, 0.054121516179293394, 0.010538593191692295]
Received data: [(0, 20), (0, 1011), (0, 610), (0, 119444), (0, 21), (0, 117895), (1, 21), (1, 117895), (2, 19), (2, 21), (2, 117895), (3, 21), (3, 117895), (4, 21), (4, 117895)]
Send data: [(0, 23), (1, 117895), (2, 117895), (2, 117895), (3, 117895), (4, 117895)]
Strategies (if used): []


Information from Client_3:

Signals: ['Update', 'Skip', 'Update', 'Skip', 'Skip', 'Finish', None]
Data distribution: [(1, 27), (2, 115), (3, 24), (8, 67), (9, 99)]
Accuracy: [0.5873493975903614, 0.6385542168674698, 0.8373493975903614, 0.7891566265060241, 0.963855421686747, 0.9608433734939759]
Loss: [1.1684475143750508, 0.9514854550361633, 0.4114047835270564, 0.5714384963115057, 0.13694564501444498, 0.11563303197423618]
Received data: [(0, 20), (0, 1012), (0, 610), (0, 119444), (0, 21), (0, 117895), (1, 19), (1, 21), (1, 117895), (2, 19), (2, 19), (2, 21), (2, 117895)]
Send data: [(0, 23), (1, 117895), (1, 117895), (2, 117895), (2, 117895), (2, 117895)]
Strategies (if used): []


Duration: 25 minutes 20 seconds
