The following training was conducted:

C: 0.8
K: 3
R: 50
E: 3
B: 64
optimizer: <class 'torch.optim.adam.Adam'>
criterion: CrossEntropyLoss()
lr: 0.01
data_name: MNIST
shards_each: 2
ternary: False
personalized: True
iid: False
model: <class 'models.Net_2'>
LESS_DATA: 1000
SERVER_TEST_SIZE: 1000
SERVER_TRAIN_SIZE: 100


Information from Server:

Accuracy: [0.07, 0.14, 0.12, 0.11, 0.24, 0.15, 0.08, 0.08, 0.09, 0.04, 0.13, 0.22, 0.03, 0.09, 0.06, 0.16, 0.1, 0.09, 0.12, 0.04, 0.1, 0.1, 0.15, 0.07, 0.17, 0.04, 0.12, 0.08, 0.14, 0.18, 0.09, 0.14, 0.09, 0.12, 0.04, 0.08, 0.13, 0.06, 0.09, 0.03, 0.04, 0.08, 0.05, 0.09, 0.03, 0.1, 0.08, 0.08, 0.09, 0.15]
Loss: [2.4880149364471436, 3.963748335838318, 3.412332773208618, 2.609013557434082, 3.0091638565063477, 3.7899622917175293, 3.0869845151901245, 3.63308846950531, 3.5354329347610474, 3.7015100717544556, 3.8473141193389893, 3.32914400100708, 4.079706311225891, 3.3873419761657715, 3.4524751901626587, 4.772094964981079, 3.629665970802307, 3.446123480796814, 3.9141547679901123, 4.050586462020874, 3.466588258743286, 4.094648838043213, 3.9497727155685425, 4.228867292404175, 2.6514317989349365, 3.698538899421692, 3.3120193481445312, 4.821547031402588, 4.034520387649536, 3.303731322288513, 3.932203769683838, 3.7764527797698975, 3.9589391946792603, 3.415429711341858, 4.157043218612671, 3.542648434638977, 3.352174401283264, 3.6555087566375732, 3.455248236656189, 3.5372039079666138, 3.8608025312423706, 3.805762529373169, 3.8543617725372314, 3.445522427558899, 3.3893314599990845, 3.976682186126709, 3.4220829010009766, 3.780747652053833, 3.4183945655822754, 2.7864761352539062]
Received data: [(1, 23), (1, 23), (1, 23), (2, 117895), (2, 117895), (2, 117895), (3, 117895), (3, 117895), (3, 117895), (4, 117895), (4, 117895), (4, 117895), (5, 117895), (5, 117895), (5, 117895), (6, 117895), (6, 117895), (6, 117895), (7, 117895), (7, 117895), (7, 117895), (8, 117895), (8, 117895), (8, 117895), (9, 117895), (9, 117895), (9, 117895), (10, 117895), (10, 117895), (10, 117895), (11, 117895), (11, 117895), (11, 117895), (12, 117895), (12, 117895), (12, 117895), (13, 117895), (13, 117895), (13, 117895), (14, 117895), (14, 117895), (14, 117895), (15, 117895), (15, 117895), (15, 117895), (16, 117895), (16, 117895), (16, 117895), (17, 117895), (17, 117895), (17, 117895), (18, 117895), (18, 117895), (18, 117895), (19, 117895), (19, 117895), (19, 117895), (20, 117895), (20, 117895), (20, 117895), (21, 117895), (21, 117895), (21, 117895), (22, 117895), (22, 117895), (22, 117895), (23, 117895), (23, 117895), (23, 117895), (24, 117895), (24, 117895), (24, 117895), (25, 117895), (25, 117895), (25, 117895), (26, 117895), (26, 117895), (26, 117895), (27, 117895), (27, 117895), (27, 117895), (28, 117895), (28, 117895), (28, 117895), (29, 117895), (29, 117895), (29, 117895), (30, 117895), (30, 117895), (30, 117895), (31, 117895), (31, 117895), (31, 117895), (32, 117895), (32, 117895), (32, 117895), (33, 117895), (33, 117895), (33, 117895), (34, 117895), (34, 117895), (34, 117895), (35, 117895), (35, 117895), (35, 117895), (36, 117895), (36, 117895), (36, 117895), (37, 117895), (37, 117895), (37, 117895), (38, 117895), (38, 117895), (38, 117895), (39, 117895), (39, 117895), (39, 117895), (40, 117895), (40, 117895), (40, 117895), (41, 117895), (41, 117895), (41, 117895), (42, 117895), (42, 117895), (42, 117895), (43, 117895), (43, 117895), (43, 117895), (44, 117895), (44, 117895), (44, 117895), (45, 117895), (45, 117895), (45, 117895), (46, 117895), (46, 117895), (46, 117895), (47, 117895), (47, 117895), (47, 117895), (48, 117895), (48, 117895), (48, 117895), (49, 117895), (49, 117895), (49, 117895), (50, 117895), (50, 117895), (50, 117895), (51, 117895), (51, 117895), (51, 117895)]
Send data: [(1, 20), (1, 1011), (1, 610), (1, 119444), (1, 20), (1, 1011), (1, 610), (1, 119444), (1, 20), (1, 1009), (1, 610), (1, 119444), (2, 21), (2, 117895), (2, 19), (2, 21), (2, 117895), (3, 21), (3, 19), (3, 21), (3, 117895), (3, 117895), (4, 21), (4, 19), (4, 117895), (4, 21), (4, 117895), (5, 19), (5, 21), (5, 21), (5, 117895), (5, 117895), (6, 19), (6, 21), (6, 21), (6, 117895), (6, 117895), (7, 19), (7, 21), (7, 21), (7, 117895), (7, 117895), (8, 19), (8, 21), (8, 117895), (8, 21), (8, 117895), (9, 21), (9, 21), (9, 19), (9, 117895), (9, 117895), (10, 19), (10, 21), (10, 117895), (10, 21), (10, 117895), (11, 21), (11, 19), (11, 117895), (11, 21), (11, 117895), (12, 21), (12, 19), (12, 117895), (12, 21), (12, 117895), (13, 19), (13, 21), (13, 21), (13, 117895), (13, 117895), (14, 19), (14, 21), (14, 21), (14, 117895), (14, 117895), (15, 21), (15, 19), (15, 21), (15, 117895), (15, 117895), (16, 19), (16, 21), (16, 21), (16, 117895), (16, 117895), (17, 21), (17, 21), (17, 117895), (17, 19), (17, 117895), (18, 21), (18, 19), (18, 117895), (18, 21), (18, 117895), (19, 19), (19, 21), (19, 21), (19, 117895), (19, 117895), (20, 21), (20, 21), (20, 19), (20, 117895), (20, 117895), (21, 19), (21, 21), (21, 21), (21, 117895), (21, 117895), (22, 21), (22, 19), (22, 21), (22, 117895), (22, 117895), (23, 21), (23, 19), (23, 21), (23, 117895), (23, 117895), (24, 21), (24, 19), (24, 117895), (24, 21), (24, 117895), (25, 19), (25, 21), (25, 21), (25, 117895), (25, 117895), (26, 19), (26, 21), (26, 21), (26, 117895), (26, 117895), (27, 21), (27, 117895), (27, 21), (27, 19), (27, 117895), (28, 21), (28, 21), (28, 117895), (28, 19), (28, 117895), (29, 21), (29, 117895), (29, 19), (29, 21), (29, 117895), (30, 21), (30, 19), (30, 117895), (30, 21), (30, 117895), (31, 21), (31, 21), (31, 19), (31, 117895), (31, 117895), (32, 21), (32, 21), (32, 117895), (32, 19), (32, 117895), (33, 21), (33, 117895), (33, 21), (33, 19), (33, 117895), (34, 19), (34, 21), (34, 21), (34, 117895), (34, 117895), (35, 19), (35, 21), (35, 21), (35, 117895), (35, 117895), (36, 21), (36, 117895), (36, 19), (36, 21), (36, 117895), (37, 19), (37, 21), (37, 21), (37, 117895), (37, 117895), (38, 21), (38, 117895), (38, 21), (38, 19), (38, 117895), (39, 19), (39, 21), (39, 21), (39, 117895), (39, 117895), (40, 19), (40, 21), (40, 21), (40, 117895), (40, 117895), (41, 19), (41, 21), (41, 21), (41, 117895), (41, 117895), (42, 19), (42, 21), (42, 21), (42, 117895), (42, 117895), (43, 19), (43, 21), (43, 21), (43, 117895), (43, 117895), (44, 21), (44, 19), (44, 21), (44, 117895), (44, 117895), (45, 19), (45, 21), (45, 21), (45, 117895), (45, 117895), (46, 21), (46, 21), (46, 117895), (46, 19), (46, 117895), (47, 21), (47, 19), (47, 21), (47, 117895), (47, 117895), (48, 21), (48, 21), (48, 117895), (48, 19), (48, 117895), (49, 19), (49, 21), (49, 21), (49, 117895), (49, 117895), (50, 19), (50, 21), (50, 21), (50, 117895), (50, 117895), (51, 21), (51, 117895), (51, 19), (51, 21), (51, 117895), (51, 21), (51, 117895), (51, 21), (51, 117895), (51, 21), (51, 117895)]


Information from Client_1:

Signals: ['Update', 'Update', 'Update', 'Skip', 'Skip', 'Skip', 'Skip', 'Update', 'Skip', 'Update', 'Update', 'Skip', 'Skip', 'Update', 'Skip', 'Update', 'Update', 'Skip', 'Update', 'Skip', 'Update', 'Update', 'Update', 'Skip', 'Skip', 'Update', 'Update', 'Update', 'Update', 'Update', 'Update', 'Update', 'Skip', 'Skip', 'Update', 'Skip', 'Update', 'Skip', 'Skip', 'Skip', 'Skip', 'Skip', 'Update', 'Skip', 'Update', 'Update', 'Update', 'Skip', 'Skip', 'Update', 'Finish', None]
Data distribution: [(0, 104), (1, 62), (3, 81), (4, 85)]
Accuracy: [0.3614457831325301, 0.8373493975903614, 0.9759036144578314, 0.9367469879518072, 0.9909638554216867, 0.9939759036144579, 0.7951807228915663, 0.9759036144578314, 0.9759036144578314, 0.9518072289156626, 0.9909638554216867, 0.9939759036144579, 0.963855421686747, 0.9879518072289156, 1.0, 0.9698795180722891, 0.9879518072289156, 1.0, 0.963855421686747, 0.9879518072289156, 0.9969879518072289, 0.963855421686747, 0.9909638554216867, 0.9939759036144579, 0.9548192771084337, 0.9849397590361446, 0.9969879518072289, 0.9819277108433735, 0.9909638554216867, 0.9969879518072289, 0.9578313253012049, 0.9939759036144579, 0.9969879518072289, 0.9759036144578314, 0.9909638554216867, 0.9909638554216867, 0.9487951807228916, 0.9879518072289156, 0.9789156626506024, 0.9728915662650602, 0.9909638554216867, 1.0, 0.9457831325301205, 0.9789156626506024, 0.9909638554216867, 0.9819277108433735, 0.9939759036144579, 0.9969879518072289, 0.9578313253012049, 0.9909638554216867, 0.9969879518072289, 0.9487951807228916, 0.9879518072289156, 0.9969879518072289, 0.9367469879518072, 0.9819277108433735, 0.9909638554216867, 0.9668674698795181, 0.9849397590361446, 0.9969879518072289, 0.9668674698795181, 0.9819277108433735, 0.9879518072289156, 0.9367469879518072, 0.9819277108433735, 0.9969879518072289, 0.9728915662650602, 0.9969879518072289, 0.9939759036144579, 0.9518072289156626, 0.9819277108433735, 0.9879518072289156, 0.9578313253012049, 0.9879518072289156, 0.9969879518072289, 0.9608433734939759, 0.9789156626506024, 0.9939759036144579, 0.9518072289156626, 0.9939759036144579, 1.0]
Loss: [1.088867962360382, 0.35389577597379684, 0.08661450073122978, 0.2141337419549624, 0.04199278851350149, 0.02202861218635614, 0.5549067010482153, 0.09701140535374482, 0.13633416965603828, 0.1409543752670288, 0.037456303679694734, 0.009453782321846424, 0.12837893019119898, 0.03635968741339942, 0.004324536278242401, 0.07571372001742323, 0.02850862128737693, 0.005708633932651234, 0.13525284578402838, 0.03804526679838697, 0.010868924475895861, 0.12317535591622193, 0.05190903957312306, 0.009093236629269086, 0.17936100562413534, 0.05585200898349285, 0.011656932554615196, 0.06825460121035576, 0.02378669862324993, 0.007046279353138137, 0.19060762226581573, 0.07858327807237704, 0.011207874204653004, 0.09152498717109363, 0.044242155738174915, 0.01919672234604756, 0.21799740691979727, 0.054988452388594546, 0.04335609086168309, 0.11023890413343906, 0.031299361280010395, 0.008173112912724415, 0.2596293439467748, 0.04971486050635576, 0.03174429774905244, 0.05352620811512073, 0.016098325334799785, 0.005667580766991402, 0.14409172162413597, 0.034121114683027066, 0.007437981083057821, 0.1567853515346845, 0.054077137572069965, 0.020332224822292726, 0.1890909175078074, 0.0448152053480347, 0.02610553886430959, 0.12455589945117633, 0.05232832199544646, 0.017508885512749355, 0.12089056273301442, 0.041636232286691666, 0.024192527635022998, 0.20042256265878677, 0.09341979244103034, 0.018154137146969635, 0.12762347981333733, 0.0181876375960807, 0.009509291946111867, 0.21563404674331346, 0.04689295714100202, 0.02567399836455782, 0.13026843716700873, 0.046745086554437876, 0.008436886768322438, 0.1116678211838007, 0.049961668982480965, 0.034676069704194866, 0.15030429139733315, 0.02332818368449807, 0.003969881072407588]
Received data: [(0, 20), (0, 1011), (0, 610), (0, 119444), (0, 21), (0, 117895), (1, 21), (1, 117895), (2, 21), (2, 117895), (3, 19), (3, 19), (3, 19), (3, 19), (3, 21), (3, 117895), (4, 19), (4, 21), (4, 117895), (5, 21), (5, 117895), (6, 19), (6, 19), (6, 21), (6, 117895), (7, 19), (7, 21), (7, 117895), (8, 21), (8, 117895), (9, 19), (9, 21), (9, 117895), (10, 19), (10, 21), (10, 117895), (11, 21), (11, 117895), (12, 21), (12, 117895), (13, 19), (13, 19), (13, 21), (13, 117895), (14, 21), (14, 117895), (15, 21), (15, 117895), (16, 21), (16, 117895), (17, 21), (17, 117895), (18, 21), (18, 117895), (19, 21), (19, 117895), (20, 19), (20, 19), (20, 21), (20, 117895), (21, 19), (21, 21), (21, 117895), (22, 19), (22, 19), (22, 19), (22, 19), (22, 19), (22, 21), (22, 117895), (23, 19), (23, 21), (23, 117895), (24, 21), (24, 117895), (25, 21), (25, 117895), (26, 19), (26, 19), (26, 21), (26, 117895), (27, 21), (27, 117895)]
Send data: [(0, 23), (1, 117895), (2, 117895), (3, 117895), (3, 117895), (3, 117895), (3, 117895), (3, 117895), (4, 117895), (4, 117895), (5, 117895), (6, 117895), (6, 117895), (6, 117895), (7, 117895), (7, 117895), (8, 117895), (9, 117895), (9, 117895), (10, 117895), (10, 117895), (11, 117895), (12, 117895), (13, 117895), (13, 117895), (13, 117895), (14, 117895), (15, 117895), (16, 117895), (17, 117895), (18, 117895), (19, 117895), (20, 117895), (20, 117895), (20, 117895), (21, 117895), (21, 117895), (22, 117895), (22, 117895), (22, 117895), (22, 117895), (22, 117895), (22, 117895), (23, 117895), (23, 117895), (24, 117895), (25, 117895), (26, 117895), (26, 117895), (26, 117895), (27, 117895)]
Strategies (if used): []


Information from Client_2:

Signals: ['Skip', 'Skip', 'Skip', 'Update', 'Update', 'Update', 'Update', 'Update', 'Update', 'Skip', 'Skip', 'Update', 'Update', 'Skip', 'Update', 'Update', 'Skip', 'Update', 'Update', 'Update', 'Skip', 'Skip', 'Skip', 'Update', 'Update', 'Update', 'Update', 'Skip', 'Skip', 'Update', 'Update', 'Update', 'Update', 'Update', 'Skip', 'Update', 'Update', 'Update', 'Update', 'Update', 'Update', 'Update', 'Skip', 'Update', 'Update', 'Skip', 'Update', 'Update', 'Update', 'Skip', 'Finish', None]
Data distribution: [(4, 3), (5, 83), (6, 83), (7, 116), (8, 47)]
Accuracy: [0.7801204819277109, 0.927710843373494, 0.9759036144578314, 0.9397590361445783, 0.9789156626506024, 1.0, 0.7981927710843374, 0.9578313253012049, 0.9939759036144579, 0.7951807228915663, 0.9487951807228916, 0.9819277108433735, 0.9307228915662651, 0.9698795180722891, 0.9969879518072289, 0.927710843373494, 0.9728915662650602, 0.9879518072289156, 0.9066265060240963, 0.9728915662650602, 0.9909638554216867, 0.8975903614457831, 0.9457831325301205, 0.9939759036144579, 0.9307228915662651, 0.9909638554216867, 0.9969879518072289, 0.9728915662650602, 0.9789156626506024, 0.9969879518072289, 0.963855421686747, 0.9879518072289156, 0.9969879518072289, 0.9216867469879518, 0.9819277108433735, 0.9969879518072289, 0.9668674698795181, 0.9849397590361446, 0.9939759036144579, 0.9397590361445783, 0.9728915662650602, 0.9909638554216867, 0.8855421686746988, 0.9668674698795181, 0.9909638554216867, 0.9518072289156626, 0.9849397590361446, 1.0, 0.963855421686747, 0.9759036144578314, 0.9909638554216867, 0.927710843373494, 0.9759036144578314, 0.9879518072289156, 0.9126506024096386, 0.9728915662650602, 0.9969879518072289, 0.9066265060240963, 0.9849397590361446, 1.0, 0.8855421686746988, 0.9819277108433735, 0.9939759036144579, 0.9337349397590361, 0.9487951807228916, 0.9789156626506024, 0.8855421686746988, 0.9819277108433735, 0.9969879518072289, 0.9668674698795181, 0.9759036144578314, 1.0, 0.9427710843373494, 0.9819277108433735, 1.0, 0.9548192771084337, 0.9849397590361446, 1.0, 0.8403614457831325, 0.9728915662650602, 0.9849397590361446, 0.9006024096385542, 0.9819277108433735, 0.9909638554216867, 0.8945783132530121, 0.9578313253012049, 0.9849397590361446, 0.9397590361445783, 0.9608433734939759, 0.9969879518072289, 0.9066265060240963, 0.9789156626506024, 0.9969879518072289, 0.9307228915662651, 0.9698795180722891, 0.9969879518072289, 0.9427710843373494, 0.9789156626506024, 1.0, 0.9397590361445783, 0.9698795180722891, 0.9909638554216867]
Loss: [0.7357307573159536, 0.2648758416374524, 0.09365443388621013, 0.2526855692267418, 0.06710850105931361, 0.02090595941990614, 0.6444506198167801, 0.15137741714715958, 0.024393731883416574, 0.5605920304854711, 0.157219506179293, 0.0538009824231267, 0.2878093620141347, 0.13780883761743704, 0.03127185464836657, 0.2595040276646614, 0.10878332455952962, 0.04198442352935672, 0.29724327723185223, 0.12440149361888568, 0.022710499906679615, 0.36419878900051117, 0.3522847890853882, 0.04617401922587305, 0.2438990299900373, 0.054739623330533504, 0.014818196602088088, 0.13461289430658022, 0.09279226077099641, 0.014976837361852327, 0.177714670697848, 0.041565584018826485, 0.02079835891102751, 0.38833420475323993, 0.08999923469188313, 0.022806074935942888, 0.17400314969321093, 0.07019235577899963, 0.022077806332769494, 0.2698390670120716, 0.10649013767639796, 0.028906266651271533, 0.33920149505138397, 0.1041155590986212, 0.0422829482704401, 0.2313912883400917, 0.08438430881748597, 0.011233030197521051, 0.1411364202698072, 0.09076559823006392, 0.029133554266688105, 0.25548559923966724, 0.11773872002959251, 0.03970381126661474, 0.36371110876401264, 0.12133824080228806, 0.03275321897429725, 0.3317584494749705, 0.0798772182315588, 0.008794142554203669, 0.286399466296037, 0.06258957755441467, 0.01495341599608461, 0.3502562840779622, 0.30711701946953934, 0.08704803294191758, 0.30147942155599594, 0.0916868094354868, 0.011848076440704366, 0.2070113606750965, 0.07740607702483733, 0.025034042540937662, 0.24054837226867676, 0.09101675590500236, 0.007137253725280364, 0.22512978687882423, 0.06334864223996799, 0.008924097327205041, 0.5005198617776235, 0.30948077018062276, 0.0891832538569967, 0.38179682691891986, 0.12114201113581657, 0.03923907643184066, 0.3791280488173167, 0.15045897973080477, 0.05134803184773773, 0.2323793408771356, 0.08725020506729682, 0.016163320125391085, 0.2989382967352867, 0.0729945379619797, 0.023741257066528004, 0.2518834148844083, 0.09831524267792702, 0.02979800198227167, 0.19528886800011, 0.07663220415512721, 0.013911092653870583, 0.25228795409202576, 0.0865037222004806, 0.02410958909119169]
Received data: [(0, 20), (0, 1011), (0, 610), (0, 119444), (0, 19), (0, 19), (0, 19), (0, 21), (0, 117895), (1, 21), (1, 117895), (2, 21), (2, 117895), (3, 21), (3, 117895), (4, 21), (4, 117895), (5, 21), (5, 117895), (6, 19), (6, 19), (6, 21), (6, 117895), (7, 21), (7, 117895), (8, 19), (8, 21), (8, 117895), (9, 21), (9, 117895), (10, 19), (10, 21), (10, 117895), (11, 21), (11, 117895), (12, 21), (12, 117895), (13, 19), (13, 19), (13, 19), (13, 21), (13, 117895), (14, 21), (14, 117895), (15, 21), (15, 117895), (16, 21), (16, 117895), (17, 19), (17, 19), (17, 21), (17, 117895), (18, 21), (18, 117895), (19, 21), (19, 117895), (20, 21), (20, 117895), (21, 21), (21, 117895), (22, 19), (22, 21), (22, 117895), (23, 21), (23, 117895), (24, 21), (24, 117895), (25, 21), (25, 117895), (26, 21), (26, 117895), (27, 21), (27, 117895), (28, 21), (28, 117895), (29, 19), (29, 21), (29, 117895), (30, 21), (30, 117895), (31, 19), (31, 21), (31, 117895), (32, 21), (32, 117895), (33, 21), (33, 117895), (34, 19), (34, 21), (34, 117895)]
Send data: [(0, 23), (0, 117895), (0, 117895), (0, 117895), (1, 117895), (2, 117895), (3, 117895), (4, 117895), (5, 117895), (6, 117895), (6, 117895), (6, 117895), (7, 117895), (8, 117895), (8, 117895), (9, 117895), (10, 117895), (10, 117895), (11, 117895), (12, 117895), (13, 117895), (13, 117895), (13, 117895), (13, 117895), (14, 117895), (15, 117895), (16, 117895), (17, 117895), (17, 117895), (17, 117895), (18, 117895), (19, 117895), (20, 117895), (21, 117895), (22, 117895), (22, 117895), (23, 117895), (24, 117895), (25, 117895), (26, 117895), (27, 117895), (28, 117895), (29, 117895), (29, 117895), (30, 117895), (31, 117895), (31, 117895), (32, 117895), (33, 117895), (34, 117895), (34, 117895)]
Strategies (if used): []


Duration: 229 minutes 37 seconds
