The following training was conducted:

C: 0.8
K: 3
R: 15
E: 3
B: 64
optimizer: <class 'torch.optim.adam.Adam'>
criterion: CrossEntropyLoss()
lr: 0.01
data_name: MNIST
shards_each: 2
ternary: True
personalized: True
iid: True
model: <class 'models.Net_2_Q'>
LESS_DATA: 1000
SERVER_TEST_SIZE: 1000
SERVER_TRAIN_SIZE: 100


Information from Server:

Accuracy: [0.07, 0.07, 0.2, 0.09, 0.16, 0.17, 0.01, 0.08, 0.07, 0.09, 0.08, 0.14, 0.11, 0.06, 0.09]
Loss: [3.575956702232361, 3.154374837875366, 3.022947907447815, 2.8099069595336914, 2.8279188871383667, 3.501801013946533, 3.372097611427307, 3.391734480857849, 4.406935214996338, 3.4359999895095825, 3.473825454711914, 2.831900715827942, 3.5830676555633545, 3.208114743232727, 4.773989200592041]
Received data: [(1, 23), (1, 23), (1, 23), (2, 117229), (2, 117229), (2, 117229), (3, 117229), (3, 117229), (3, 117229), (4, 117229), (4, 117229), (4, 117229), (5, 117229), (5, 117229), (5, 117229), (6, 117229), (6, 117229), (6, 117229), (7, 117229), (7, 117229), (7, 117229), (8, 117229), (8, 117229), (8, 117229), (9, 117229), (9, 117229), (9, 117229), (10, 117229), (10, 117229), (10, 117229), (11, 117229), (11, 117229), (11, 117229), (12, 117229), (12, 117229), (12, 117229), (13, 117229), (13, 117229), (13, 117229), (14, 117229), (14, 117229), (14, 117229), (15, 117229), (15, 117229), (15, 117229), (16, 117229), (16, 117229), (16, 117229)]
Send data: [(1, 20), (1, 2815), (1, 610), (1, 118793), (1, 20), (1, 2815), (1, 610), (1, 118793), (1, 20), (1, 2815), (1, 610), (1, 118793), (2, 19), (2, 21), (2, 21), (2, 117229), (2, 117229), (3, 19), (3, 21), (3, 21), (3, 117229), (3, 117229), (4, 19), (4, 21), (4, 21), (4, 117229), (4, 117229), (5, 21), (5, 21), (5, 19), (5, 117229), (5, 117229), (6, 21), (6, 21), (6, 117229), (6, 117229), (6, 19), (7, 19), (7, 21), (7, 21), (7, 117229), (7, 117229), (8, 21), (8, 19), (8, 117229), (8, 21), (8, 117229), (9, 21), (9, 21), (9, 19), (9, 117229), (9, 117229), (10, 21), (10, 19), (10, 21), (10, 117229), (10, 117229), (11, 21), (11, 21), (11, 19), (11, 117229), (11, 117229), (12, 21), (12, 21), (12, 19), (12, 117229), (12, 117229), (13, 21), (13, 21), (13, 117229), (13, 117229), (13, 19), (14, 21), (14, 19), (14, 117229), (14, 21), (14, 117229), (15, 21), (15, 19), (15, 117229), (15, 21), (15, 117229), (16, 19), (16, 21), (16, 21), (16, 117229), (16, 117229), (16, 21), (16, 117229), (16, 21), (16, 117229), (16, 21), (16, 117229)]


Information from Client_2:

Signals: ['Update', 'Update', 'Update', 'Update', 'Update', 'Update', 'Skip', 'Update', 'Skip', 'Update', 'Update', 'Update', 'Skip', 'Skip', 'Update', 'Finish', None]
Data distribution: [(0, 34), (1, 36), (2, 30), (3, 46), (4, 34), (5, 30), (6, 28), (7, 25), (8, 35), (9, 35)]
Accuracy: [0.2552552552552553, 0.8048048048048048, 0.8408408408408409, 0.5525525525525525, 0.7867867867867868, 0.8588588588588588, 0.39039039039039036, 0.7177177177177178, 0.8408408408408409, 0.4174174174174174, 0.7987987987987988, 0.8918918918918919, 0.6966966966966966, 0.8738738738738738, 0.9099099099099099, 0.7267267267267268, 0.8798798798798799, 0.954954954954955, 0.6486486486486487, 0.9099099099099099, 0.963963963963964, 0.6006006006006006, 0.8438438438438438, 0.9309309309309309, 0.7747747747747747, 0.8648648648648649, 0.924924924924925, 0.7237237237237237, 0.8798798798798799, 0.9669669669669669, 0.8468468468468469, 0.9219219219219219, 0.948948948948949]
Loss: [1.9836163520812988, 0.8457398116588593, 0.508702407280604, 1.5727111101150513, 0.5727758506933848, 0.34962468842665356, 1.801544467608134, 0.8833082318305969, 0.4344879786173503, 1.6728413899739583, 0.6121942549943924, 0.3348394160469373, 0.9908720552921295, 0.44742844502131146, 0.2716590166091919, 0.960095226764679, 0.3246347929040591, 0.12317392105857532, 1.1649088660875957, 0.29553698872526485, 0.12140149250626564, 1.3003419240315754, 0.5358024885257086, 0.22570867588122687, 0.94740030169487, 0.3931707739830017, 0.16949727572500706, 0.9908636411031088, 0.3711128036181132, 0.16030641024311384, 0.5761300027370453, 0.23315461973349252, 0.20805220678448677]
Received data: [(0, 20), (0, 2815), (0, 610), (0, 118793), (0, 21), (0, 117229), (1, 21), (1, 117229), (2, 21), (2, 117229), (3, 21), (3, 117229), (4, 21), (4, 117229), (5, 21), (5, 117229), (6, 19), (6, 21), (6, 117229), (7, 19), (7, 21), (7, 117229), (8, 21), (8, 117229), (9, 21), (9, 117229), (10, 19), (10, 19), (10, 21), (10, 117229), (11, 21), (11, 117229)]
Send data: [(0, 23), (1, 117229), (2, 117229), (3, 117229), (4, 117229), (5, 117229), (6, 117229), (6, 117229), (7, 117229), (7, 117229), (8, 117229), (9, 117229), (10, 117229), (10, 117229), (10, 117229), (11, 117229)]
Strategies (if used): ['Strategy 2', 'Strategy 2', 'Strategy 2', 'Strategy 2', 'Strategy 2', 'Strategy 2', 'Strategy 1', 'Strategy 2', 'Strategy 1', 'Strategy 2', 'Strategy 2']


Information from Client_1:

Signals: ['Skip', 'Skip', 'Skip', 'Update', 'Update', 'Skip', 'Update', 'Update', 'Update', 'Update', 'Update', 'Update', 'Update', 'Update', 'Skip', 'Finish', None]
Data distribution: [(0, 35), (1, 36), (2, 34), (3, 32), (4, 39), (5, 40), (6, 21), (7, 29), (8, 34), (9, 33)]
Accuracy: [0.46846846846846846, 0.8258258258258259, 0.9039039039039038, 0.7117117117117117, 0.8648648648648649, 0.8768768768768769, 0.7597597597597597, 0.9309309309309309, 0.9579579579579579, 0.6606606606606606, 0.8738738738738738, 0.960960960960961, 0.8138138138138138, 0.8738738738738738, 0.933933933933934, 0.6006006006006006, 0.8018018018018018, 0.933933933933934, 0.6936936936936937, 0.9009009009009009, 0.9459459459459459, 0.7357357357357357, 0.918918918918919, 0.933933933933934, 0.7897897897897898, 0.9099099099099099, 0.9429429429429429, 0.7387387387387387, 0.9009009009009009, 0.975975975975976]
Loss: [1.560118019580841, 0.6461742420991262, 0.33795346568028134, 0.9833418826262156, 0.40001052618026733, 0.3157498563329379, 0.983005424340566, 0.2600016991297404, 0.08513189557318886, 1.139270842075348, 0.36880723138650257, 0.1183411826690038, 0.7210133274396261, 0.3634086549282074, 0.1902200368543466, 1.1422332525253296, 0.5402232805887858, 0.14857897069305182, 1.0801538228988647, 0.2914677585164706, 0.18474211792151132, 0.9965797364711761, 0.2332867830991745, 0.12865169222156206, 0.7824274003505707, 0.25701115528742474, 0.13921596854925156, 1.0582728187243144, 0.29381319135427475, 0.08418574618796508]
Received data: [(0, 20), (0, 2815), (0, 610), (0, 118793), (0, 19), (0, 19), (0, 19), (0, 21), (0, 117229), (1, 21), (1, 117229), (2, 19), (2, 21), (2, 117229), (3, 21), (3, 117229), (4, 21), (4, 117229), (5, 21), (5, 117229), (6, 21), (6, 117229), (7, 21), (7, 117229), (8, 21), (8, 117229), (9, 21), (9, 117229), (10, 19), (10, 21), (10, 117229)]
Send data: [(0, 23), (0, 117229), (0, 117229), (0, 117229), (1, 117229), (2, 117229), (2, 117229), (3, 117229), (4, 117229), (5, 117229), (6, 117229), (7, 117229), (8, 117229), (9, 117229), (10, 117229), (10, 117229)]
Strategies (if used): ['Strategy 2', 'Strategy 2', 'Strategy 1', 'Strategy 2', 'Strategy 1', 'Strategy 2', 'Strategy 2', 'Strategy 2', 'Strategy 1', 'Strategy 2']


Information from Client_3:

Signals: ['Update', 'Update', 'Update', 'Skip', 'Skip', 'Update', 'Update', 'Skip', 'Update', 'Skip', 'Skip', 'Skip', 'Update', 'Update', 'Update', 'Finish', None]
Data distribution: [(0, 36), (1, 37), (2, 30), (3, 30), (4, 46), (5, 21), (6, 31), (7, 33), (8, 34), (9, 35)]
Accuracy: [0.26426426426426425, 0.6726726726726727, 0.8078078078078078, 0.4984984984984985, 0.7957957957957958, 0.8858858858858859, 0.3843843843843844, 0.6456456456456456, 0.8258258258258259, 0.5885885885885885, 0.8858858858858859, 0.9279279279279279, 0.7687687687687688, 0.8798798798798799, 0.963963963963964, 0.7357357357357357, 0.933933933933934, 0.978978978978979, 0.7447447447447447, 0.9309309309309309, 0.9579579579579579, 0.7117117117117117, 0.8378378378378378, 0.933933933933934, 0.7897897897897898, 0.9309309309309309, 0.9819819819819819]
Loss: [2.11958384513855, 1.1365808248519897, 0.6454522758722305, 1.5702901085217793, 0.627345398068428, 0.31024695932865143, 1.8745842973391216, 1.1398854156335194, 0.5383125444253286, 1.2955307563145955, 0.3819556112090747, 0.1839704035470883, 1.1387772460778554, 0.34105921785036725, 0.11387032146255176, 0.992977132399877, 0.26004328827063244, 0.077840071481963, 0.8290585080782572, 0.21486069510380426, 0.14963331694404283, 0.8891440729300181, 0.4517659346262614, 0.20169352243343988, 0.9136745035648346, 0.21231340120236078, 0.05374532751739025]
Received data: [(0, 20), (0, 2815), (0, 610), (0, 118793), (0, 21), (0, 117229), (1, 21), (1, 117229), (2, 21), (2, 117229), (3, 19), (3, 19), (3, 21), (3, 117229), (4, 21), (4, 117229), (5, 19), (5, 21), (5, 117229), (6, 19), (6, 19), (6, 19), (6, 21), (6, 117229), (7, 21), (7, 117229), (8, 21), (8, 117229), (9, 21), (9, 117229)]
Send data: [(0, 23), (1, 117229), (2, 117229), (3, 117229), (3, 117229), (3, 117229), (4, 117229), (5, 117229), (5, 117229), (6, 117229), (6, 117229), (6, 117229), (6, 117229), (7, 117229), (8, 117229), (9, 117229)]
Strategies (if used): ['Strategy 1', 'Strategy 1', 'Strategy 2', 'Strategy 1', 'Strategy 1', 'Strategy 2', 'Strategy 1', 'Strategy 2', 'Strategy 2']


Duration: 33 minutes 39 seconds
