The following training was conducted:

C: 0.8
K: 3
R: 15
E: 3
B: 64
optimizer: <class 'torch.optim.adam.Adam'>
criterion: CrossEntropyLoss()
lr: 0.01
data_name: MNIST
shards_each: 2
ternary: True
personalized: False
iid: True
model: <class 'models.Net_2_Q'>
LESS_DATA: 1000
SERVER_TEST_SIZE: 1000
SERVER_TRAIN_SIZE: 100


Information from Server:

Accuracy: [0.69, 0.91, 0.92, 0.92, 0.93, 0.94, 0.93, 0.95, 0.97, 0.96, 0.95, 0.97, 0.97, 0.96, 0.97]
Loss: [1.4316606521606445, 0.5795367360115051, 0.40769121050834656, 0.26874254643917084, 0.22103314846754074, 0.23028601333498955, 0.17480909824371338, 0.1371796913444996, 0.15092876181006432, 0.14997797831892967, 0.14279942214488983, 0.15528378635644913, 0.09097829088568687, 0.13328960537910461, 0.12448766455054283]
Received data: [(1, 23), (1, 23), (1, 23), (2, 117229), (2, 117229), (2, 117229), (3, 117229), (3, 117229), (3, 117229), (4, 117229), (4, 117229), (4, 117229), (5, 117229), (5, 117229), (5, 117229), (6, 117229), (6, 117229), (6, 117229), (7, 117229), (7, 117229), (7, 117229), (8, 117229), (8, 117229), (8, 117229), (9, 117229), (9, 117229), (9, 117229), (10, 117229), (10, 117229), (10, 117229), (11, 117229), (11, 117229), (11, 117229), (12, 117229), (12, 117229), (12, 117229), (13, 117229), (13, 117229), (13, 117229), (14, 117229), (14, 117229), (14, 117229), (15, 117229), (15, 117229), (15, 117229), (16, 117229), (16, 117229), (16, 117229)]
Send data: [(1, 20), (1, 2815), (1, 610), (1, 118793), (1, 20), (1, 2815), (1, 610), (1, 118793), (1, 20), (1, 2815), (1, 610), (1, 118793), (2, 19), (2, 21), (2, 21), (2, 117229), (2, 117229), (3, 21), (3, 19), (3, 21), (3, 117229), (3, 117229), (4, 21), (4, 19), (4, 21), (4, 117229), (4, 117229), (5, 21), (5, 21), (5, 117229), (5, 19), (5, 117229), (6, 21), (6, 21), (6, 117229), (6, 19), (6, 117229), (7, 19), (7, 21), (7, 21), (7, 117229), (7, 117229), (8, 21), (8, 19), (8, 21), (8, 117229), (8, 117229), (9, 19), (9, 21), (9, 21), (9, 117229), (9, 117229), (10, 19), (10, 21), (10, 21), (10, 117229), (10, 117229), (11, 19), (11, 21), (11, 117229), (11, 21), (11, 117229), (12, 19), (12, 21), (12, 21), (12, 117229), (12, 117229), (13, 21), (13, 19), (13, 21), (13, 117229), (13, 117229), (14, 19), (14, 21), (14, 21), (14, 117229), (14, 117229), (15, 19), (15, 21), (15, 21), (15, 117229), (15, 117229), (16, 19), (16, 21), (16, 117229), (16, 21), (16, 117229), (16, 21), (16, 117229), (16, 21), (16, 117229), (16, 21), (16, 117229)]


Information from Client_2:

Signals: ['Update', 'Skip', 'Skip', 'Update', 'Update', 'Update', 'Skip', 'Update', 'Update', 'Update', 'Update', 'Skip', 'Update', 'Update', 'Update', 'Finish', None]
Data distribution: [(0, 25), (1, 39), (2, 30), (3, 36), (4, 41), (5, 27), (6, 45), (7, 26), (8, 31), (9, 33)]
Accuracy: [0.3303303303303303, 0.8588588588588588, 0.8828828828828829, 0.9429429429429429, 0.978978978978979, 0.990990990990991, 0.9099099099099099, 0.9579579579579579, 0.987987987987988, 0.933933933933934, 0.9459459459459459, 0.978978978978979, 0.975975975975976, 0.996996996996997, 1.0, 0.960960960960961, 0.990990990990991, 0.996996996996997, 0.975975975975976, 0.993993993993994, 0.993993993993994, 0.9669669669669669, 1.0, 1.0, 0.978978978978979, 0.990990990990991, 0.996996996996997, 0.972972972972973, 0.96996996996997, 0.987987987987988, 0.975975975975976, 0.984984984984985, 0.9819819819819819]
Loss: [1.7994884252548218, 0.5856537918249766, 0.4172210718194644, 0.15047896156708399, 0.08592393063008785, 0.10605848285680015, 0.2790208011865616, 0.12029072704414527, 0.03570043668150902, 0.1690934176246325, 0.10590630366156499, 0.1336685436156889, 0.09747174692650636, 0.011425658439596495, 0.005241367422665159, 0.13592376187443733, 0.024968440528027713, 0.017678080592304468, 0.06578785576857626, 0.03423118261465182, 0.0195275375735946, 0.09114029631018639, 0.010175023810006678, 0.007443278290641804, 0.07393091792861621, 0.015567205856010938, 0.009291333883690337, 0.08905714005231857, 0.09748205977181594, 0.028086580656236038, 0.05437136022374034, 0.01847635997304072, 0.10420046839863062]
Received data: [(0, 20), (0, 2815), (0, 610), (0, 118793), (0, 21), (0, 117229), (1, 19), (1, 19), (1, 21), (1, 117229), (2, 21), (2, 117229), (3, 21), (3, 117229), (4, 19), (4, 21), (4, 117229), (5, 21), (5, 117229), (6, 21), (6, 117229), (7, 21), (7, 117229), (8, 19), (8, 21), (8, 117229), (9, 21), (9, 117229), (10, 21), (10, 117229), (11, 21), (11, 117229)]
Send data: [(0, 23), (1, 117229), (1, 117229), (1, 117229), (2, 117229), (3, 117229), (4, 117229), (4, 117229), (5, 117229), (6, 117229), (7, 117229), (8, 117229), (8, 117229), (9, 117229), (10, 117229), (11, 117229)]
Strategies (if used): ['Strategy 1', 'Strategy 1', 'Strategy 1', 'Strategy 1', 'Strategy 1', 'Strategy 1', 'Strategy 1', 'Strategy 1', 'Strategy 1', 'Strategy 1', 'Strategy 1']


Information from Client_3:

Signals: ['Update', 'Update', 'Update', 'Skip', 'Skip', 'Update', 'Update', 'Update', 'Update', 'Update', 'Update', 'Update', 'Update', 'Update', 'Update', 'Finish', None]
Data distribution: [(0, 26), (1, 44), (2, 42), (3, 38), (4, 27), (5, 30), (6, 24), (7, 36), (8, 30), (9, 36)]
Accuracy: [0.4954954954954955, 0.6576576576576577, 0.7987987987987988, 0.8978978978978979, 0.924924924924925, 0.9669669669669669, 0.9129129129129129, 0.9519519519519519, 0.996996996996997, 0.972972972972973, 0.984984984984985, 0.972972972972973, 0.933933933933934, 0.987987987987988, 0.996996996996997, 0.963963963963964, 0.996996996996997, 0.990990990990991, 0.972972972972973, 0.984984984984985, 0.993993993993994, 0.978978978978979, 0.996996996996997, 0.996996996996997, 0.978978978978979, 0.987987987987988, 1.0, 0.9819819819819819, 0.990990990990991, 0.996996996996997, 0.993993993993994, 0.987987987987988, 0.990990990990991, 0.9819819819819819, 0.978978978978979, 0.996996996996997, 0.9819819819819819, 0.993993993993994, 1.0]
Loss: [2.10982076327006, 1.1081031262874603, 0.617730716864268, 0.3048921041190624, 0.24058692653973898, 0.10844915763785441, 0.31766289720932644, 0.15248392894864082, 0.05285666355242332, 0.08280844986438751, 0.04264623858034611, 0.056764198622355856, 0.2024544415374597, 0.04899269823605815, 0.010422281086600075, 0.09222011795888345, 0.021385043083379667, 0.02156890059510867, 0.05847058786700169, 0.04549147801784178, 0.015702390306008358, 0.0586927657520088, 0.017832471785368398, 0.006696115752371649, 0.051897631182024874, 0.035745921467120446, 0.004538891953416169, 0.043034061479071774, 0.02290041814558208, 0.01458131287896928, 0.02568255760706961, 0.030542005319148302, 0.018510711893516902, 0.053543372428976, 0.05369860753611041, 0.015117974990668396, 0.09827744200204809, 0.009440032445127144, 0.002110876597726019]
Received data: [(0, 20), (0, 2815), (0, 610), (0, 118793), (0, 21), (0, 117229), (1, 21), (1, 117229), (2, 21), (2, 117229), (3, 19), (3, 19), (3, 21), (3, 117229), (4, 21), (4, 117229), (5, 21), (5, 117229), (6, 21), (6, 117229), (7, 21), (7, 117229), (8, 21), (8, 117229), (9, 21), (9, 117229), (10, 21), (10, 117229), (11, 21), (11, 117229), (12, 21), (12, 117229), (13, 21), (13, 117229)]
Send data: [(0, 23), (1, 117229), (2, 117229), (3, 117229), (3, 117229), (3, 117229), (4, 117229), (5, 117229), (6, 117229), (7, 117229), (8, 117229), (9, 117229), (10, 117229), (11, 117229), (12, 117229), (13, 117229)]
Strategies (if used): ['Strategy 1', 'Strategy 1', 'Strategy 1', 'Strategy 1', 'Strategy 1', 'Strategy 1', 'Strategy 1', 'Strategy 1', 'Strategy 1', 'Strategy 1', 'Strategy 1', 'Strategy 1', 'Strategy 1']


Information from Client_1:

Signals: ['Skip', 'Update', 'Update', 'Update', 'Update', 'Skip', 'Update', 'Skip', 'Skip', 'Skip', 'Skip', 'Update', 'Skip', 'Skip', 'Skip', 'Finish', None]
Data distribution: [(0, 31), (1, 36), (2, 33), (3, 41), (4, 30), (5, 27), (6, 34), (7, 31), (8, 34), (9, 36)]
Accuracy: [0.8318318318318318, 0.8768768768768769, 0.9519519519519519, 0.9579579579579579, 0.978978978978979, 0.9819819819819819, 0.9519519519519519, 0.972972972972973, 0.990990990990991, 0.93993993993994, 0.972972972972973, 0.9669669669669669, 0.9669669669669669, 0.978978978978979, 0.996996996996997, 0.990990990990991, 0.993993993993994, 0.990990990990991]
Loss: [0.4416213383277257, 0.37767406304677326, 0.1998473803202311, 0.1187417550633351, 0.10256035315493743, 0.03839659450265268, 0.15400824323296547, 0.0721046943217516, 0.030700467992573977, 0.18857265512148538, 0.08288739062845707, 0.12829622253775597, 0.09685545911391576, 0.08533769411345322, 0.012017213002157709, 0.019223482503245275, 0.011808425973867998, 0.016074045522448916]
Received data: [(0, 20), (0, 2815), (0, 610), (0, 118793), (0, 19), (0, 21), (0, 117229), (1, 21), (1, 117229), (2, 21), (2, 117229), (3, 21), (3, 117229), (4, 19), (4, 21), (4, 117229), (5, 19), (5, 19), (5, 19), (5, 19), (5, 21), (5, 117229), (6, 19), (6, 19), (6, 19), (6, 21), (6, 117229)]
Send data: [(0, 23), (0, 117229), (1, 117229), (2, 117229), (3, 117229), (4, 117229), (4, 117229), (5, 117229), (5, 117229), (5, 117229), (5, 117229), (5, 117229), (6, 117229), (6, 117229), (6, 117229), (6, 117229)]
Strategies (if used): ['Strategy 1', 'Strategy 1', 'Strategy 1', 'Strategy 1', 'Strategy 1', 'Strategy 1']


Duration: 35 minutes 12 seconds
