The following training was conducted:

C: 0.8
K: 3
R: 15
E: 3
B: 64
optimizer: <class 'torch.optim.adam.Adam'>
criterion: CrossEntropyLoss()
lr: 0.01
data_name: MNIST
shards_each: 2
ternary: True
personalized: True
iid: True
model: <class 'models.Net_2_Q'>
LESS_DATA: 1000
SERVER_TEST_SIZE: 1000
SERVER_TRAIN_SIZE: 100


Information from Server:

Accuracy: [0.52, 0.83, 0.91, 0.93, 0.96, 0.95, 0.95, 0.94, 0.95, 0.95, 0.94, 0.96, 0.97, 0.96, 0.97]
Loss: [1.5283849239349365, 1.03856959939003, 0.32520388066768646, 0.2256559282541275, 0.18713751435279846, 0.16588176414370537, 0.13785961270332336, 0.15967076271772385, 0.14496102184057236, 0.16284625232219696, 0.12210126221179962, 0.12512925267219543, 0.08452881127595901, 0.11031533405184746, 0.08803989738225937]
Received data: [(1, 23), (1, 23), (1, 23), (2, 117245), (2, 117245), (2, 117245), (3, 117245), (3, 117245), (3, 117245), (4, 117245), (4, 117245), (4, 117245), (5, 117245), (5, 117245), (5, 117245), (6, 117245), (6, 117245), (6, 117245), (7, 117245), (7, 117245), (7, 117245), (8, 117245), (8, 117245), (8, 117245), (9, 117245), (9, 117245), (9, 117245), (10, 117245), (10, 117245), (10, 117245), (11, 117245), (11, 117245), (11, 117245), (12, 117245), (12, 117245), (12, 117245), (13, 117245), (13, 117245), (13, 117245), (14, 117245), (14, 117245), (14, 117245), (15, 117245), (15, 117245), (15, 117245), (16, 117245), (16, 117245), (16, 117245)]
Send data: [(1, 20), (1, 2815), (1, 610), (1, 118809), (1, 20), (1, 2815), (1, 610), (1, 118809), (1, 20), (1, 2815), (1, 610), (1, 118809), (2, 21), (2, 21), (2, 19), (2, 117245), (2, 117245), (3, 19), (3, 21), (3, 21), (3, 117245), (3, 117245), (4, 21), (4, 117245), (4, 21), (4, 19), (4, 117245), (5, 21), (5, 21), (5, 117245), (5, 117245), (5, 19), (6, 19), (6, 21), (6, 117245), (6, 21), (6, 117245), (7, 19), (7, 21), (7, 117245), (7, 21), (7, 117245), (8, 21), (8, 21), (8, 117245), (8, 19), (8, 117245), (9, 19), (9, 21), (9, 21), (9, 117245), (9, 117245), (10, 21), (10, 117245), (10, 19), (10, 21), (10, 117245), (11, 19), (11, 21), (11, 21), (11, 117245), (11, 117245), (12, 21), (12, 117245), (12, 19), (12, 21), (12, 117245), (13, 21), (13, 21), (13, 19), (13, 117245), (13, 117245), (14, 19), (14, 21), (14, 117245), (14, 21), (14, 117245), (15, 19), (15, 21), (15, 21), (15, 117245), (15, 117245), (16, 19), (16, 21), (16, 21), (16, 117245), (16, 117245), (16, 21), (16, 117245), (16, 21), (16, 117245), (16, 21), (16, 117245)]


Information from Client_3:

Signals: ['Skip', 'Skip', 'Update', 'Update', 'Skip', 'Skip', 'Update', 'Skip', 'Update', 'Skip', 'Update', 'Update', 'Skip', 'Skip', 'Skip', 'Finish', None]
Data distribution: [(0, 31), (1, 46), (2, 28), (3, 28), (4, 34), (5, 27), (6, 29), (7, 37), (8, 36), (9, 37)]
Accuracy: [0.09309309309309309, 0.09309309309309309, 0.954954954954955, 0.96996996996997, 0.96996996996997, 0.96996996996997, 0.975975975975976, 0.975975975975976, 0.993993993993994, 0.993993993993994, 1.0, 0.996996996996997, 0.996996996996997, 0.996996996996997, 0.996996996996997, 0.990990990990991]
Loss: [3.8293277819951377, 3.8182947238286338, 0.18694093575080237, 0.10997926319638889, 0.10627541256447633, 0.10105019497374694, 0.06192534106473128, 0.055516891181468964, 0.03137736596787969, 0.02119722228962928, 0.006929654802661389, 0.01649987658796211, 0.025964062350491684, 0.015749075876859326, 0.01600070282196005, 0.029845036721477907]
Training acc & loss: [[[nan, nan], [nan, nan], [nan, nan]], [[nan, nan], [nan, nan], [nan, nan]], [[0.44615823527177173, 0.8558558558558559], [0.2011671457439661, 0.924924924924925], [0.08501754701137543, 0.972972972972973]], [[0.165044117718935, 0.9429429429429429], [0.12677932903170586, 0.9519519519519519], [0.06458988040685654, 0.975975975975976]], [[0.06458988040685654, 0.975975975975976], [0.06458988040685654, 0.975975975975976], [0.06458988040685654, 0.975975975975976]], [[0.06458988040685654, 0.975975975975976], [0.06458988040685654, 0.975975975975976], [0.06458988040685654, 0.975975975975976]], [[0.048365203042825065, 0.990990990990991], [0.05302600981667638, 0.990990990990991], [0.023997918081780274, 0.990990990990991]], [[0.023997918081780274, 0.990990990990991], [0.023997918081780274, 0.990990990990991], [0.023997918081780274, 0.990990990990991]], [[0.036242977095146976, 0.993993993993994], [0.030069962066287797, 0.987987987987988], [0.025310762779554352, 0.996996996996997]], [[0.025310762779554352, 0.996996996996997], [0.025310762779554352, 0.996996996996997], [0.025310762779554352, 0.996996996996997]], [[0.035119394112067916, 0.9819819819819819], [0.021841741011788447, 0.987987987987988], [0.004099643886244546, 1.0]], [[0.04515634508182605, 0.9819819819819819], [0.02336903952649057, 0.990990990990991], [0.022797925552974146, 0.993993993993994]], [[0.022797925552974146, 0.993993993993994], [0.022797925552974146, 0.993993993993994], [0.022797925552974146, 0.993993993993994]], [[0.022797925552974146, 0.993993993993994], [0.022797925552974146, 0.993993993993994], [0.022797925552974146, 0.993993993993994]], [[0.022797925552974146, 0.993993993993994], [0.022797925552974146, 0.993993993993994], [0.022797925552974146, 0.993993993993994]]]
Received data: [(0, 20), (0, 2815), (0, 610), (0, 118809), (0, 19), (0, 19), (0, 21), (0, 117245), (1, 21), (1, 117245), (2, 19), (2, 19), (2, 21), (2, 117245), (3, 19), (3, 21), (3, 117245), (4, 19), (4, 21), (4, 117245), (5, 21), (5, 117245), (6, 19), (6, 19), (6, 19), (6, 21), (6, 117245)]
Send data: [(0, 23), (0, 117245), (0, 117245), (1, 117245), (2, 117245), (2, 117245), (2, 117245), (3, 117245), (3, 117245), (4, 117245), (4, 117245), (5, 117245), (6, 117245), (6, 117245), (6, 117245), (6, 117245)]
Strategies (if used): ['Strategy 1', 'Strategy 1', 'Strategy 1', 'Strategy 1', 'Strategy 1', 'Strategy 1']


Information from Client_1:

Signals: ['Update', 'Update', 'Skip', 'Skip', 'Update', 'Update', 'Skip', 'Update', 'Update', 'Update', 'Update', 'Skip', 'Update', 'Update', 'Update', 'Finish', None]
Data distribution: [(0, 34), (1, 49), (2, 39), (3, 21), (4, 28), (5, 27), (6, 32), (7, 35), (8, 32), (9, 36)]
Accuracy: [0.8858858858858859, 0.924924924924925, 0.924924924924925, 0.924924924924925, 0.975975975975976, 0.984984984984985, 0.984984984984985, 0.993993993993994, 0.984984984984985, 0.993993993993994, 0.9819819819819819, 0.9819819819819819, 0.990990990990991, 0.993993993993994, 0.987987987987988, 0.9819819819819819]
Loss: [0.4337337662776311, 0.37143492698669434, 0.3738374461730321, 0.3714197079340617, 0.09873066966732343, 0.07192459826668103, 0.0700658926119407, 0.03652649613407751, 0.04413659249742826, 0.030946466140449047, 0.04656447811673085, 0.04530426949107399, 0.046833934572835766, 0.031967166578397155, 0.04956444205405811, 0.04961266849810878]
Training acc & loss: [[[1.4717829028765361, 0.6156156156156156], [0.5162415305773417, 0.7987987987987988], [0.36639080693324405, 0.9099099099099099]], [[0.4640650600194931, 0.8348348348348348], [0.3270224332809448, 0.9069069069069069], [0.24630589534838995, 0.9519519519519519]], [[0.24630589534838995, 0.9519519519519519], [0.24630589534838995, 0.9519519519519519], [0.24630589534838995, 0.9519519519519519]], [[0.24630589534838995, 0.9519519519519519], [0.24630589534838995, 0.9519519519519519], [0.24630589534838995, 0.9519519519519519]], [[0.12978868931531906, 0.9579579579579579], [0.10242684620122115, 0.975975975975976], [0.04655912487457196, 0.993993993993994]], [[0.20393704126278558, 0.93993993993994], [0.12704994405309358, 0.9519519519519519], [0.029204119481922437, 0.990990990990991]], [[0.029204119481922437, 0.990990990990991], [0.029204119481922437, 0.990990990990991], [0.029204119481922437, 0.990990990990991]], [[0.08675979139904182, 0.96996996996997], [0.029597468441352248, 0.993993993993994], [0.006883327422353129, 1.0]], [[0.1092587523162365, 0.963963963963964], [0.07985973730683327, 0.972972972972973], [0.024256579965973895, 0.996996996996997]], [[0.07548961229622364, 0.978978978978979], [0.04809263286491235, 0.987987987987988], [0.0172268368381386, 0.993993993993994]], [[0.07142751291394234, 0.978978978978979], [0.07405609730631113, 0.975975975975976], [0.007823393350311866, 1.0]], [[0.007823393350311866, 1.0], [0.007823393350311866, 1.0], [0.007823393350311866, 1.0]], [[0.076391720212996, 0.978978978978979], [0.05730992369353771, 0.990990990990991], [0.01978962744275729, 0.996996996996997]], [[0.035674198744042464, 0.987987987987988], [0.0278256029705517, 0.987987987987988], [0.009867850749287754, 1.0]], [[0.14958679924408594, 0.9459459459459459], [0.04499666734288136, 0.9819819819819819], [0.009828358471471196, 1.0]]]
Received data: [(0, 20), (0, 2815), (0, 610), (0, 118809), (0, 21), (0, 117245), (1, 21), (1, 117245), (2, 19), (2, 19), (2, 21), (2, 117245), (3, 21), (3, 117245), (4, 19), (4, 21), (4, 117245), (5, 21), (5, 117245), (6, 21), (6, 117245), (7, 21), (7, 117245), (8, 19), (8, 21), (8, 117245), (9, 21), (9, 117245), (10, 21), (10, 117245), (11, 21), (11, 117245)]
Send data: [(0, 23), (1, 117245), (2, 117245), (2, 117245), (2, 117245), (3, 117245), (4, 117245), (4, 117245), (5, 117245), (6, 117245), (7, 117245), (8, 117245), (8, 117245), (9, 117245), (10, 117245), (11, 117245)]
Strategies (if used): ['Strategy 1', 'Strategy 1', 'Strategy 1', 'Strategy 1', 'Strategy 1', 'Strategy 1', 'Strategy 1', 'Strategy 1', 'Strategy 1', 'Strategy 1', 'Strategy 1']


Information from Client_2:

Signals: ['Update', 'Update', 'Update', 'Update', 'Update', 'Update', 'Update', 'Update', 'Skip', 'Update', 'Skip', 'Update', 'Update', 'Update', 'Update', 'Finish', None]
Data distribution: [(0, 30), (1, 34), (2, 43), (3, 37), (4, 29), (5, 34), (6, 39), (7, 33), (8, 28), (9, 26)]
Accuracy: [0.8918918918918919, 0.9519519519519519, 0.978978978978979, 0.975975975975976, 0.978978978978979, 0.993993993993994, 0.990990990990991, 0.978978978978979, 0.978978978978979, 0.990990990990991, 0.990990990990991, 0.996996996996997, 1.0, 0.996996996996997, 0.993993993993994, 0.990990990990991]
Loss: [0.33769245197375614, 0.2794947649041812, 0.11750970656673114, 0.15671788528561592, 0.100641584644715, 0.044680467496315636, 0.05166326401134332, 0.052331769838929176, 0.051989239950974785, 0.02537960507712948, 0.026769208411375683, 0.016924844433863957, 0.012073431629687548, 0.013169191903822744, 0.025237014672408502, 0.03040868074943622]
Training acc & loss: [[[1.7208403547604878, 0.36036036036036034], [0.5652724554141363, 0.7987987987987988], [0.3094799170891444, 0.9009009009009009]], [[0.35753653943538666, 0.8978978978978979], [0.47500602900981903, 0.8528528528528528], [0.16386893019080162, 0.954954954954955]], [[0.4157203485568364, 0.8528528528528528], [0.16367086643973985, 0.960960960960961], [0.09147793240845203, 0.96996996996997]], [[0.16909038027127585, 0.9519519519519519], [0.11860237767299016, 0.975975975975976], [0.08638074807822704, 0.984984984984985]], [[0.20793271933992705, 0.9309309309309309], [0.10213384063293536, 0.963963963963964], [0.058121634336809315, 0.978978978978979]], [[0.0955924925704797, 0.975975975975976], [0.04745068370054165, 0.990990990990991], [0.013305784823993841, 1.0]], [[0.23661974196632704, 0.954954954954955], [0.10651359024147193, 0.9819819819819819], [0.039145234254344054, 0.984984984984985]], [[0.2102072313427925, 0.948948948948949], [0.09793808000783126, 0.972972972972973], [0.08579086310540636, 0.978978978978979]], [[0.08579086310540636, 0.978978978978979], [0.08579086310540636, 0.978978978978979], [0.08579086310540636, 0.978978978978979]], [[0.05983957648277283, 0.9819819819819819], [0.0469549922272563, 0.9819819819819819], [0.007784133779447681, 1.0]], [[0.007784133779447681, 1.0], [0.007784133779447681, 1.0], [0.007784133779447681, 1.0]], [[0.06403938210375297, 0.978978978978979], [0.017817686156680185, 0.993993993993994], [0.01681115235745286, 0.996996996996997]], [[0.08408391537765662, 0.978978978978979], [0.019836185849271715, 0.993993993993994], [0.00532089959839747, 0.996996996996997]], [[0.052023613437389336, 0.9819819819819819], [0.032867981043333806, 0.993993993993994], [0.01276402291841805, 0.996996996996997]], [[0.0865080055470268, 0.975975975975976], [0.05334694206248969, 0.987987987987988], [0.0078114406011688215, 1.0]]]
Received data: [(0, 20), (0, 2815), (0, 610), (0, 118809), (0, 21), (0, 117245), (1, 21), (1, 117245), (2, 21), (2, 117245), (3, 21), (3, 117245), (4, 21), (4, 117245), (5, 21), (5, 117245), (6, 21), (6, 117245), (7, 21), (7, 117245), (8, 19), (8, 21), (8, 117245), (9, 19), (9, 21), (9, 117245), (10, 21), (10, 117245), (11, 21), (11, 117245), (12, 21), (12, 117245), (13, 21), (13, 117245)]
Send data: [(0, 23), (1, 117245), (2, 117245), (3, 117245), (4, 117245), (5, 117245), (6, 117245), (7, 117245), (8, 117245), (8, 117245), (9, 117245), (9, 117245), (10, 117245), (11, 117245), (12, 117245), (13, 117245)]
Strategies (if used): ['Strategy 1', 'Strategy 1', 'Strategy 1', 'Strategy 1', 'Strategy 1', 'Strategy 1', 'Strategy 1', 'Strategy 1', 'Strategy 1', 'Strategy 1', 'Strategy 1', 'Strategy 1', 'Strategy 1']


Duration: 22 minutes 59 seconds
