The following training was conducted:

C: 0.8
K: 3
R: 5
E: 3
B: 64
optimizer: <class 'torch.optim.adam.Adam'>
criterion: CrossEntropyLoss()
lr: 0.01
data_name: MNIST
shards_each: 2
ternary: False
personalized: False
iid: True
model: <class 'models.Net_2'>
LESS_DATA: 1000
SERVER_TEST_SIZE: 1000
SERVER_TRAIN_SIZE: 100


Information from Server:

Accuracy: [0.66, 0.89, 0.92, 0.93, 0.94]
Loss: [1.7176586985588074, 0.5665351748466492, 0.29467426240444183, 0.26183652877807617, 0.22292529791593552]
Received data: [(1, 23), (1, 23), (1, 23), (2, 117895), (2, 117895), (2, 117895), (3, 117895), (3, 117895), (3, 117895), (4, 117895), (4, 117895), (4, 117895), (5, 117895), (5, 117895), (5, 117895), (6, 117895), (6, 117895), (6, 117895)]
Send data: [(1, 20), (1, 2815), (1, 610), (1, 119444), (1, 20), (1, 2815), (1, 610), (1, 119444), (1, 20), (1, 2815), (1, 610), (1, 119444), (2, 19), (2, 21), (2, 21), (2, 117895), (2, 117895), (3, 19), (3, 21), (3, 21), (3, 117895), (3, 117895), (4, 21), (4, 19), (4, 117895), (4, 21), (4, 117895), (5, 21), (5, 19), (5, 21), (5, 117895), (5, 117895), (6, 21), (6, 21), (6, 117895), (6, 117895), (6, 19), (6, 21), (6, 117895), (6, 21), (6, 117895), (6, 21), (6, 117895)]


Information from Client_1:

Signals: ['Skip', 'Skip', 'Update', 'Update', 'Update', 'Finish', None]
Data distribution: [(0, 34), (1, 44), (2, 37), (3, 36), (4, 32), (5, 26), (6, 28), (7, 32), (8, 34), (9, 30)]
Accuracy: [0.948948948948949, 0.96996996996997, 0.990990990990991, 0.924924924924925, 0.96996996996997, 0.984984984984985, 0.975975975975976, 0.978978978978979, 1.0]
Loss: [0.1806017408768336, 0.1071859256674846, 0.04420672791699568, 0.20754709312071404, 0.15398351848125458, 0.05628592132901152, 0.06435890992482503, 0.06078418002774318, 0.007234225049614906]
Received data: [(0, 20), (0, 2815), (0, 610), (0, 119444), (0, 19), (0, 19), (0, 21), (0, 117895), (1, 21), (1, 117895), (2, 21), (2, 117895), (3, 21), (3, 117895)]
Send data: [(0, 23), (0, 117895), (0, 117895), (1, 117895), (2, 117895), (3, 117895)]
Strategies (if used): []


Duration: 22 minutes 2 seconds
