The following training was conducted:

C: 0.8
K: 3
R: 50
E: 3
B: 64
optimizer: <class 'torch.optim.adam.Adam'>
criterion: CrossEntropyLoss()
lr: 0.01
data_name: MNIST
shards_each: 2
ternary: True
personalized: True
iid: False
model: <class 'models.Net_2_Q'>
LESS_DATA: 1000
SERVER_TEST_SIZE: 1000
SERVER_TRAIN_SIZE: 100


Information from Server:

Accuracy: [0.09, 0.05, 0.03, 0.1, 0.18, 0.05, 0.14, 0.13, 0.09, 0.07, 0.18, 0.05, 0.05, 0.1, 0.14, 0.12, 0.1, 0.09, 0.21, 0.11, 0.17, 0.05, 0.07, 0.12, 0.17, 0.02, 0.08, 0.09, 0.01, 0.14, 0.13, 0.03, 0.05, 0.12, 0.03, 0.1, 0.09, 0.08, 0.13, 0.15, 0.16, 0.11, 0.07, 0.15, 0.1, 0.07, 0.09, 0.15, 0.09, 0.13]
Loss: [2.844176173210144, 2.96486496925354, 3.0934864282608032, 2.8894431591033936, 2.7605007886886597, 2.8610775470733643, 2.5138052701950073, 2.986103892326355, 3.2626978158950806, 3.683854341506958, 2.4265966415405273, 2.8076751232147217, 2.678160071372986, 2.5889722108840942, 3.0844069719314575, 2.9580100774765015, 3.854086756706238, 2.744477391242981, 2.4679993391036987, 2.9371978044509888, 2.534606456756592, 3.679948568344116, 3.4674817323684692, 3.3068689107894897, 3.3039541244506836, 3.4302291870117188, 2.63653826713562, 3.016713500022888, 2.8154271841049194, 2.662917971611023, 2.6992526054382324, 3.7959147691726685, 3.477684259414673, 2.858492851257324, 3.232096791267395, 2.7338311672210693, 3.122223734855652, 2.657078742980957, 2.6317561864852905, 2.82908833026886, 2.5400896072387695, 2.5086421966552734, 2.7542037963867188, 3.079482078552246, 2.63322913646698, 2.922261357307434, 3.0808262825012207, 2.4823129177093506, 2.8675055503845215, 2.663602352142334]
Received data: [(1, 23), (1, 23), (1, 23), (2, 117229), (2, 117229), (2, 117229), (3, 117229), (3, 117229), (3, 117229), (4, 117229), (4, 117229), (4, 117229), (5, 117229), (5, 117229), (5, 117229), (6, 117229), (6, 117229), (6, 117229), (7, 117229), (7, 117229), (7, 117229), (8, 117229), (8, 117229), (8, 117229), (9, 117229), (9, 117229), (9, 117229), (10, 117229), (10, 117229), (10, 117229), (11, 117229), (11, 117229), (11, 117229), (12, 117229), (12, 117229), (12, 117229), (13, 117229), (13, 117229), (13, 117229), (14, 117229), (14, 117229), (14, 117229), (15, 117229), (15, 117229), (15, 117229), (16, 117229), (16, 117229), (16, 117229), (17, 117229), (17, 117229), (17, 117229), (18, 117229), (18, 117229), (18, 117229), (19, 117229), (19, 117229), (19, 117229), (20, 117229), (20, 117229), (20, 117229), (21, 117229), (21, 117229), (21, 117229), (22, 117229), (22, 117229), (22, 117229), (23, 117229), (23, 117229), (23, 117229), (24, 117229), (24, 117229), (24, 117229), (25, 117229), (25, 117229), (25, 117229), (26, 117229), (26, 117229), (26, 117229), (27, 117229), (27, 117229), (27, 117229), (28, 117229), (28, 117229), (28, 117229), (29, 117229), (29, 117229), (29, 117229), (30, 117229), (30, 117229), (30, 117229), (31, 117229), (31, 117229), (31, 117229), (32, 117229), (32, 117229), (32, 117229), (33, 117229), (33, 117229), (33, 117229), (34, 117229), (34, 117229), (34, 117229), (35, 117229), (35, 117229), (35, 117229), (36, 117229), (36, 117229), (36, 117229), (37, 117229), (37, 117229), (37, 117229), (38, 117229), (38, 117229), (38, 117229), (39, 117229), (39, 117229), (39, 117229), (40, 117229), (40, 117229), (40, 117229), (41, 117229), (41, 117229), (41, 117229), (42, 117229), (42, 117229), (42, 117229), (43, 117229), (43, 117229), (43, 117229), (44, 117229), (44, 117229), (44, 117229), (45, 117229), (45, 117229), (45, 117229), (46, 117229), (46, 117229), (46, 117229), (47, 117229), (47, 117229), (47, 117229), (48, 117229), (48, 117229), (48, 117229), (49, 117229), (49, 117229), (49, 117229), (50, 117229), (50, 117229), (50, 117229), (51, 117229), (51, 117229), (51, 117229)]
Send data: [(1, 20), (1, 1010), (1, 610), (1, 118793), (1, 20), (1, 1012), (1, 610), (1, 118793), (1, 20), (1, 1011), (1, 610), (1, 118793), (2, 19), (2, 21), (2, 117229), (2, 21), (2, 117229), (3, 21), (3, 19), (3, 21), (3, 117229), (3, 117229), (4, 21), (4, 21), (4, 19), (4, 117229), (4, 117229), (5, 19), (5, 21), (5, 21), (5, 117229), (5, 117229), (6, 19), (6, 21), (6, 117229), (6, 21), (6, 117229), (7, 21), (7, 21), (7, 117229), (7, 19), (7, 117229), (8, 19), (8, 21), (8, 21), (8, 117229), (8, 117229), (9, 19), (9, 21), (9, 21), (9, 117229), (9, 117229), (10, 19), (10, 21), (10, 117229), (10, 21), (10, 117229), (11, 19), (11, 21), (11, 21), (11, 117229), (11, 117229), (12, 19), (12, 21), (12, 117229), (12, 21), (12, 117229), (13, 21), (13, 21), (13, 117229), (13, 117229), (13, 19), (14, 21), (14, 117229), (14, 19), (14, 21), (14, 117229), (15, 21), (15, 21), (15, 19), (15, 117229), (15, 117229), (16, 21), (16, 21), (16, 19), (16, 117229), (16, 117229), (17, 21), (17, 19), (17, 21), (17, 117229), (17, 117229), (18, 19), (18, 21), (18, 21), (18, 117229), (18, 117229), (19, 21), (19, 19), (19, 117229), (19, 21), (19, 117229), (20, 21), (20, 21), (20, 117229), (20, 19), (20, 117229), (21, 21), (21, 21), (21, 117229), (21, 117229), (21, 19), (22, 21), (22, 19), (22, 117229), (22, 21), (22, 117229), (23, 19), (23, 21), (23, 21), (23, 117229), (23, 117229), (24, 21), (24, 19), (24, 117229), (24, 21), (24, 117229), (25, 19), (25, 21), (25, 21), (25, 117229), (25, 117229), (26, 21), (26, 117229), (26, 21), (26, 19), (26, 117229), (27, 19), (27, 21), (27, 21), (27, 117229), (27, 117229), (28, 21), (28, 19), (28, 21), (28, 117229), (28, 117229), (29, 21), (29, 19), (29, 117229), (29, 21), (29, 117229), (30, 21), (30, 19), (30, 21), (30, 117229), (30, 117229), (31, 21), (31, 19), (31, 117229), (31, 21), (31, 117229), (32, 21), (32, 19), (32, 117229), (32, 21), (32, 117229), (33, 19), (33, 21), (33, 21), (33, 117229), (33, 117229), (34, 19), (34, 21), (34, 21), (34, 117229), (34, 117229), (35, 19), (35, 21), (35, 21), (35, 117229), (35, 117229), (36, 21), (36, 117229), (36, 21), (36, 19), (36, 117229), (37, 19), (37, 21), (37, 21), (37, 117229), (37, 117229), (38, 21), (38, 19), (38, 117229), (38, 21), (38, 117229), (39, 21), (39, 19), (39, 21), (39, 117229), (39, 117229), (40, 21), (40, 21), (40, 117229), (40, 19), (40, 117229), (41, 21), (41, 19), (41, 117229), (41, 21), (41, 117229), (42, 19), (42, 21), (42, 21), (42, 117229), (42, 117229), (43, 19), (43, 21), (43, 21), (43, 117229), (43, 117229), (44, 19), (44, 21), (44, 21), (44, 117229), (44, 117229), (45, 19), (45, 21), (45, 117229), (45, 21), (45, 117229), (46, 19), (46, 21), (46, 21), (46, 117229), (46, 117229), (47, 21), (47, 117229), (47, 21), (47, 117229), (47, 19), (48, 19), (48, 21), (48, 21), (48, 117229), (48, 117229), (49, 21), (49, 21), (49, 117229), (49, 117229), (49, 19), (50, 21), (50, 19), (50, 21), (50, 117229), (50, 117229), (51, 21), (51, 21), (51, 117229), (51, 117229), (51, 19), (51, 21), (51, 117229), (51, 21), (51, 117229), (51, 21), (51, 117229)]


Information from Client_2:

Signals: ['Update', 'Skip', 'Update', 'Update', 'Update', 'Update', 'Update', 'Update', 'Update', 'Update', 'Update', 'Update', 'Skip', 'Update', 'Update', 'Skip', 'Update', 'Skip', 'Update', 'Update', 'Skip', 'Update', 'Skip', 'Update', 'Update', 'Update', 'Skip', 'Skip', 'Skip', 'Skip', 'Skip', 'Update', 'Update', 'Update', 'Update', 'Update', 'Skip', 'Skip', 'Update', 'Skip', 'Update', 'Update', 'Update', 'Update', 'Update', 'Update', 'Update', 'Update', 'Skip', 'Update', 'Finish', None]
Data distribution: [(3, 82), (4, 104), (5, 83), (6, 63)]
Accuracy: [0.49096385542168675, 0.8945783132530121, 0.9216867469879518, 0.858433734939759, 0.9156626506024096, 0.9307228915662651, 0.9608433734939759, 0.9608433734939759, 0.9789156626506024, 0.8524096385542169, 0.9548192771084337, 0.963855421686747, 0.8945783132530121, 0.9879518072289156, 0.9969879518072289, 0.9337349397590361, 0.9849397590361446, 0.9969879518072289, 0.927710843373494, 0.9728915662650602, 0.9879518072289156, 0.8975903614457831, 0.9578313253012049, 0.9819277108433735, 0.7018072289156626, 0.9066265060240963, 0.9759036144578314, 0.9307228915662651, 0.9457831325301205, 0.9939759036144579, 0.927710843373494, 0.9518072289156626, 0.9939759036144579, 0.9578313253012049, 0.9578313253012049, 0.9969879518072289, 0.9006024096385542, 0.9789156626506024, 0.9849397590361446, 0.8975903614457831, 0.9548192771084337, 0.9909638554216867, 0.8734939759036144, 0.9849397590361446, 0.9879518072289156, 0.8704819277108434, 0.9789156626506024, 0.9819277108433735, 0.9487951807228916, 0.9819277108433735, 0.9969879518072289, 0.9457831325301205, 0.9789156626506024, 0.9879518072289156, 0.9427710843373494, 0.9457831325301205, 0.9909638554216867, 0.8704819277108434, 0.9698795180722891, 0.9879518072289156, 0.786144578313253, 0.963855421686747, 0.9789156626506024, 0.9186746987951807, 0.9759036144578314, 0.9909638554216867, 0.8493975903614458, 0.9156626506024096, 0.963855421686747, 0.9427710843373494, 0.9668674698795181, 0.9879518072289156, 0.8795180722891566, 0.9126506024096386, 0.9969879518072289, 0.8373493975903614, 0.9397590361445783, 0.9849397590361446, 0.8885542168674698, 0.9849397590361446, 0.9698795180722891, 0.8885542168674698, 0.9698795180722891, 0.9909638554216867, 0.8493975903614458, 0.9698795180722891, 0.9879518072289156, 0.9096385542168675, 0.9849397590361446, 1.0, 0.9457831325301205, 0.963855421686747, 0.9879518072289156, 0.9066265060240963, 0.9789156626506024, 0.9939759036144579, 0.9126506024096386, 0.9819277108433735, 1.0, 0.9367469879518072, 0.9728915662650602, 0.9909638554216867, 0.927710843373494, 0.9337349397590361, 0.9909638554216867]
Loss: [1.168448030948639, 0.31840768208106357, 0.2544264669219653, 0.38280867288510007, 0.26896586020787555, 0.19450514297932386, 0.11512922868132591, 0.13306776310006777, 0.05525169411460714, 0.3666155015428861, 0.11460835921267669, 0.07974880747497082, 0.3004423628250758, 0.06952139393736918, 0.0148275289296483, 0.16428059867272773, 0.046005076360112675, 0.02687193240853958, 0.16915245478351912, 0.06653554240862529, 0.028755580346720915, 0.33381497611602146, 0.10817962108800809, 0.04081358884771665, 0.7468159596125284, 0.17466159289081892, 0.06719504250213504, 0.21353169778982797, 0.16720194493730864, 0.029976433453460533, 0.1896683406084776, 0.11761375097557902, 0.02118164161220193, 0.1342106486360232, 0.1520993337035179, 0.027873854075248044, 0.2692311803499858, 0.050783345475792885, 0.055205924436450005, 0.2765941495696704, 0.1138130674759547, 0.029109600465744734, 0.41849737366040546, 0.043987308124390744, 0.03225489498800016, 0.2945101161797841, 0.0781478180239598, 0.1262529386828343, 0.15513446430365244, 0.04214978856422628, 0.011517155993108949, 0.14681889116764069, 0.06073810253292322, 0.0388660355626295, 0.1525105039278666, 0.12709837406873703, 0.023780901547676574, 0.3690214405457179, 0.10425634123384953, 0.03604741425563892, 0.5237621118625005, 0.11427658796310425, 0.06096783342460791, 0.2788981596628825, 0.07458587052921455, 0.017023950194319088, 0.4150197481115659, 0.2212447648247083, 0.07944589232405026, 0.1835371032357216, 0.14248740952461958, 0.08827925225098927, 0.3294726957877477, 0.2718871384859085, 0.037965201772749424, 0.42646101117134094, 0.1850129266579946, 0.05071026428292195, 0.29653265327215195, 0.062060419702902436, 0.07412376441061497, 0.2860001300772031, 0.0986773765956362, 0.029634651727974415, 0.4512566129366557, 0.09112943646808465, 0.03401035714584092, 0.26867589602867764, 0.039157322918375335, 0.008999896158153812, 0.23975536103049913, 0.0897642703106006, 0.058039990408966936, 0.275260587533315, 0.05829357635229826, 0.020308727010463674, 0.2572735473513603, 0.08257620160778363, 0.014578933012671769, 0.21982120474179587, 0.09389346993217866, 0.05457712562444309, 0.24299272646506628, 0.148732361694177, 0.030729257113610704]
Received data: [(0, 20), (0, 1012), (0, 610), (0, 118793), (0, 21), (0, 117229), (1, 19), (1, 21), (1, 117229), (2, 21), (2, 117229), (3, 21), (3, 117229), (4, 21), (4, 117229), (5, 21), (5, 117229), (6, 21), (6, 117229), (7, 21), (7, 117229), (8, 21), (8, 117229), (9, 21), (9, 117229), (10, 21), (10, 117229), (11, 19), (11, 21), (11, 117229), (12, 21), (12, 117229), (13, 19), (13, 21), (13, 117229), (14, 19), (14, 21), (14, 117229), (15, 21), (15, 117229), (16, 19), (16, 21), (16, 117229), (17, 19), (17, 21), (17, 117229), (18, 21), (18, 117229), (19, 21), (19, 117229), (20, 19), (20, 19), (20, 19), (20, 19), (20, 19), (20, 21), (20, 117229), (21, 21), (21, 117229), (22, 21), (22, 117229), (23, 21), (23, 117229), (24, 21), (24, 117229), (25, 19), (25, 19), (25, 21), (25, 117229), (26, 19), (26, 21), (26, 117229), (27, 21), (27, 117229), (28, 21), (28, 117229), (29, 21), (29, 117229), (30, 21), (30, 117229), (31, 21), (31, 117229), (32, 21), (32, 117229), (33, 21), (33, 117229), (34, 19), (34, 21), (34, 117229), (35, 21), (35, 117229)]
Send data: [(0, 23), (1, 117229), (1, 117229), (2, 117229), (3, 117229), (4, 117229), (5, 117229), (6, 117229), (7, 117229), (8, 117229), (9, 117229), (10, 117229), (11, 117229), (11, 117229), (12, 117229), (13, 117229), (13, 117229), (14, 117229), (14, 117229), (15, 117229), (16, 117229), (16, 117229), (17, 117229), (17, 117229), (18, 117229), (19, 117229), (20, 117229), (20, 117229), (20, 117229), (20, 117229), (20, 117229), (20, 117229), (21, 117229), (22, 117229), (23, 117229), (24, 117229), (25, 117229), (25, 117229), (25, 117229), (26, 117229), (26, 117229), (27, 117229), (28, 117229), (29, 117229), (30, 117229), (31, 117229), (32, 117229), (33, 117229), (34, 117229), (34, 117229), (35, 117229)]
Strategies (if used): ['Strategy 1', 'Strategy 1', 'Strategy 1', 'Strategy 1', 'Strategy 1', 'Strategy 1', 'Strategy 1', 'Strategy 1', 'Strategy 1', 'Strategy 1', 'Strategy 1', 'Strategy 1', 'Strategy 1', 'Strategy 1', 'Strategy 1', 'Strategy 1', 'Strategy 1', 'Strategy 2', 'Strategy 1', 'Strategy 1', 'Strategy 1', 'Strategy 1', 'Strategy 1', 'Strategy 1', 'Strategy 1', 'Strategy 1', 'Strategy 1', 'Strategy 1', 'Strategy 2', 'Strategy 1', 'Strategy 1', 'Strategy 1', 'Strategy 1', 'Strategy 1', 'Strategy 1']


Information from Client_3:

Signals: ['Update', 'Update', 'Skip', 'Update', 'Update', 'Skip', 'Update', 'Update', 'Update', 'Update', 'Update', 'Skip', 'Update', 'Skip', 'Skip', 'Update', 'Update', 'Update', 'Skip', 'Skip', 'Update', 'Update', 'Update', 'Update', 'Skip', 'Update', 'Update', 'Update', 'Update', 'Update', 'Update', 'Update', 'Update', 'Update', 'Skip', 'Update', 'Update', 'Update', 'Skip', 'Update', 'Update', 'Update', 'Update', 'Update', 'Update', 'Skip', 'Update', 'Skip', 'Update', 'Skip', 'Finish', None]
Data distribution: [(1, 49), (2, 99), (3, 18), (6, 47), (7, 93), (8, 26)]
Accuracy: [0.29819277108433734, 0.8734939759036144, 0.9427710843373494, 0.8433734939759037, 0.9457831325301205, 0.9698795180722891, 0.8945783132530121, 0.9518072289156626, 0.9728915662650602, 0.8975903614457831, 0.9608433734939759, 0.9728915662650602, 0.8313253012048193, 0.9126506024096386, 0.9518072289156626, 0.891566265060241, 0.9126506024096386, 0.9668674698795181, 0.8192771084337349, 0.9367469879518072, 0.9578313253012049, 0.8433734939759037, 0.9487951807228916, 0.9698795180722891, 0.7409638554216867, 0.9337349397590361, 0.9668674698795181, 0.8885542168674698, 0.9337349397590361, 0.9578313253012049, 0.858433734939759, 0.9668674698795181, 0.9698795180722891, 0.8734939759036144, 0.9427710843373494, 0.9819277108433735, 0.9126506024096386, 0.9518072289156626, 0.9819277108433735, 0.8343373493975904, 0.8765060240963856, 0.9457831325301205, 0.8493975903614458, 0.9337349397590361, 0.9518072289156626, 0.7921686746987951, 0.9036144578313253, 0.9518072289156626, 0.8945783132530121, 0.927710843373494, 0.9668674698795181, 0.8313253012048193, 0.9427710843373494, 0.9789156626506024, 0.7680722891566265, 0.927710843373494, 0.9608433734939759, 0.8493975903614458, 0.9457831325301205, 0.9759036144578314, 0.8283132530120482, 0.9307228915662651, 0.9367469879518072, 0.822289156626506, 0.8825301204819277, 0.9518072289156626, 0.8463855421686747, 0.9548192771084337, 0.9668674698795181, 0.9006024096385542, 0.963855421686747, 0.9759036144578314, 0.8975903614457831, 0.9337349397590361, 0.963855421686747, 0.8644578313253012, 0.9307228915662651, 0.9427710843373494, 0.822289156626506, 0.9126506024096386, 0.9548192771084337, 0.822289156626506, 0.9367469879518072, 0.9759036144578314, 0.8855421686746988, 0.9427710843373494, 0.9548192771084337, 0.8253012048192772, 0.9156626506024096, 0.9789156626506024, 0.8433734939759037, 0.9307228915662651, 0.9548192771084337, 0.7409638554216867, 0.9457831325301205, 0.963855421686747, 0.9006024096385542, 0.9548192771084337, 0.9819277108433735, 0.8674698795180723, 0.9126506024096386, 0.9487951807228916, 0.8162650602409639, 0.9066265060240963, 0.963855421686747, 0.8614457831325302, 0.9397590361445783, 0.9487951807228916, 0.9216867469879518, 0.9578313253012049, 0.963855421686747]
Loss: [1.6459195812543232, 0.46983003119627637, 0.2537147291004658, 0.506896048784256, 0.16725594364106655, 0.08341876580379903, 0.3027290229996045, 0.13024184480309486, 0.07862415506194036, 0.2774304151535034, 0.14443017542362213, 0.09482276377578576, 0.5212916235129038, 0.25816942751407623, 0.16115281668802103, 0.3354181796312332, 0.2230360178897778, 0.13335887839396796, 0.5978291630744934, 0.15867078800996146, 0.09765102194311719, 0.47367797295252484, 0.14077782072126865, 0.0856242145722111, 0.7977630297342936, 0.21033758918444315, 0.14416760330398878, 0.30543262138962746, 0.16520222617934147, 0.09878408287962277, 0.423385185499986, 0.12657871842384338, 0.07208373250129323, 0.3937247022986412, 0.16341002409656843, 0.0427542549247543, 0.309994804362456, 0.1396801380906254, 0.05925571701178948, 0.487598995367686, 0.33506304522355396, 0.22213608026504517, 0.5521546353896459, 0.2073141187429428, 0.11329433259864648, 0.6235839823881785, 0.3113529831171036, 0.14675935404375196, 0.3772793635725975, 0.2705056269963582, 0.07704328179048996, 0.4389459689458211, 0.2793559394776821, 0.08457087554658453, 0.6100733131170273, 0.2140668382247289, 0.12388433640201886, 0.4750085075696309, 0.18317551910877228, 0.07701007121553023, 0.713104784488678, 0.19758452164630094, 0.14978339045774192, 0.5083211610714594, 0.3175979678829511, 0.12089162816603978, 0.4770111069083214, 0.19642125318447748, 0.11766144136587779, 0.36101362109184265, 0.134887487317125, 0.10151467720667522, 0.36912987132867175, 0.19071884329120317, 0.18769027385860682, 0.4168371806542079, 0.21770635899156332, 0.1523315937568744, 0.6677647034327189, 0.19632124342024326, 0.14026012644171715, 0.6394103616476059, 0.1921140862007936, 0.07529702006528775, 0.35440801580746967, 0.15114863713582358, 0.15613453462719917, 0.561211163798968, 0.33948447555303574, 0.07585778211553891, 0.6429064869880676, 0.24669757982095084, 0.1928127408027649, 0.6134716918071111, 0.2602562966446082, 0.1097251685957114, 0.3256042053302129, 0.12733991692463556, 0.061595416317383446, 0.38193224867184955, 0.22843379527330399, 0.1649257781294485, 0.5157211273908615, 0.2635151669383049, 0.17843720006446043, 0.6251934766769409, 0.1467228210531175, 0.12608891539275646, 0.3156535749634107, 0.15085861956079802, 0.0950993075966835]
Received data: [(0, 20), (0, 1011), (0, 610), (0, 118793), (0, 21), (0, 117229), (1, 21), (1, 117229), (2, 19), (2, 21), (2, 117229), (3, 21), (3, 117229), (4, 19), (4, 21), (4, 117229), (5, 21), (5, 117229), (6, 21), (6, 117229), (7, 21), (7, 117229), (8, 21), (8, 117229), (9, 19), (9, 21), (9, 117229), (10, 19), (10, 19), (10, 21), (10, 117229), (11, 21), (11, 117229), (12, 21), (12, 117229), (13, 19), (13, 19), (13, 21), (13, 117229), (14, 21), (14, 117229), (15, 21), (15, 117229), (16, 21), (16, 117229), (17, 19), (17, 21), (17, 117229), (18, 21), (18, 117229), (19, 21), (19, 117229), (20, 21), (20, 117229), (21, 21), (21, 117229), (22, 21), (22, 117229), (23, 21), (23, 117229), (24, 21), (24, 117229), (25, 21), (25, 117229), (26, 19), (26, 21), (26, 117229), (27, 21), (27, 117229), (28, 21), (28, 117229), (29, 19), (29, 21), (29, 117229), (30, 21), (30, 117229), (31, 21), (31, 117229), (32, 21), (32, 117229), (33, 21), (33, 117229), (34, 21), (34, 117229), (35, 19), (35, 21), (35, 117229), (36, 19), (36, 21), (36, 117229), (37, 19), (37, 21), (37, 117229)]
Send data: [(0, 23), (1, 117229), (2, 117229), (2, 117229), (3, 117229), (4, 117229), (4, 117229), (5, 117229), (6, 117229), (7, 117229), (8, 117229), (9, 117229), (9, 117229), (10, 117229), (10, 117229), (10, 117229), (11, 117229), (12, 117229), (13, 117229), (13, 117229), (13, 117229), (14, 117229), (15, 117229), (16, 117229), (17, 117229), (17, 117229), (18, 117229), (19, 117229), (20, 117229), (21, 117229), (22, 117229), (23, 117229), (24, 117229), (25, 117229), (26, 117229), (26, 117229), (27, 117229), (28, 117229), (29, 117229), (29, 117229), (30, 117229), (31, 117229), (32, 117229), (33, 117229), (34, 117229), (35, 117229), (35, 117229), (36, 117229), (36, 117229), (37, 117229), (37, 117229)]
Strategies (if used): ['Strategy 2', 'Strategy 1', 'Strategy 1', 'Strategy 1', 'Strategy 2', 'Strategy 1', 'Strategy 1', 'Strategy 2', 'Strategy 1', 'Strategy 2', 'Strategy 1', 'Strategy 1', 'Strategy 1', 'Strategy 1', 'Strategy 1', 'Strategy 1', 'Strategy 1', 'Strategy 1', 'Strategy 2', 'Strategy 1', 'Strategy 1', 'Strategy 1', 'Strategy 1', 'Strategy 2', 'Strategy 2', 'Strategy 1', 'Strategy 1', 'Strategy 1', 'Strategy 1', 'Strategy 1', 'Strategy 1', 'Strategy 1', 'Strategy 1', 'Strategy 1', 'Strategy 1', 'Strategy 1', 'Strategy 1']


Information from Client_1:

Signals: ['Skip', 'Update', 'Update', 'Skip', 'Skip', 'Update', 'Skip', 'Skip', 'Skip', 'Skip', 'Skip', 'Update', 'Update', 'Update', 'Update', 'Update', 'Skip', 'Update', 'Update', 'Update', 'Update', 'Skip', 'Update', 'Skip', 'Update', 'Skip', 'Update', 'Update', 'Update', 'Update', 'Update', 'Skip', 'Skip', 'Skip', 'Update', 'Skip', 'Update', 'Update', 'Update', 'Update', 'Skip', 'Skip', 'Skip', 'Skip', 'Skip', 'Update', 'Skip', 'Update', 'Update', 'Update', 'Finish', None]
Data distribution: [(0, 111), (1, 55), (8, 73), (9, 93)]
Accuracy: [0.9246987951807228, 0.9307228915662651, 0.9879518072289156, 0.9126506024096386, 0.9819277108433735, 0.9698795180722891, 0.9698795180722891, 0.9759036144578314, 0.9939759036144579, 0.8945783132530121, 0.9518072289156626, 0.9548192771084337, 0.9126506024096386, 0.9819277108433735, 0.9819277108433735, 0.9518072289156626, 0.9548192771084337, 0.9879518072289156, 0.9578313253012049, 0.9759036144578314, 0.9759036144578314, 0.9337349397590361, 0.9819277108433735, 0.9728915662650602, 0.9578313253012049, 0.9668674698795181, 0.9578313253012049, 0.8825301204819277, 0.9518072289156626, 0.9789156626506024, 0.9548192771084337, 0.9397590361445783, 0.9879518072289156, 0.9608433734939759, 0.9698795180722891, 0.9819277108433735, 0.9518072289156626, 0.9608433734939759, 0.9759036144578314, 0.927710843373494, 0.9518072289156626, 0.9909638554216867, 0.9066265060240963, 0.9548192771084337, 0.9879518072289156, 0.9186746987951807, 0.9518072289156626, 0.9759036144578314, 0.9036144578313253, 0.9849397590361446, 0.9939759036144579, 0.9216867469879518, 0.9728915662650602, 0.9789156626506024, 0.927710843373494, 0.9819277108433735, 0.9909638554216867, 0.927710843373494, 0.9668674698795181, 0.9457831325301205, 0.927710843373494, 0.9728915662650602, 0.9668674698795181, 0.9246987951807228, 0.9698795180722891, 0.9909638554216867, 0.9066265060240963, 0.9608433734939759, 0.9608433734939759, 0.822289156626506, 0.9487951807228916, 0.9849397590361446, 0.9126506024096386, 0.9487951807228916, 0.9608433734939759, 0.9006024096385542, 0.9487951807228916, 0.9819277108433735, 0.9487951807228916, 0.9728915662650602, 0.9939759036144579, 0.9186746987951807, 0.9457831325301205, 0.9759036144578314]
Loss: [0.21717945113778114, 0.23248745252688727, 0.04850459564477205, 0.2621748248736064, 0.05969010262439648, 0.13190030166879296, 0.1001313105225563, 0.0825261827558279, 0.013821108732372522, 0.32955429951349896, 0.2935713777939479, 0.0793093911682566, 0.21568218370278677, 0.12459921728198727, 0.06146703121097138, 0.14563187584280968, 0.11319060468425353, 0.023564588045701385, 0.11431616110106309, 0.05530579543362061, 0.03719120864601185, 0.1886193100363016, 0.06626404294123252, 0.09313156673063834, 0.16001912206411362, 0.08489547638843457, 0.09657585201784968, 0.3769487937291463, 0.127938749268651, 0.04651115369051695, 0.13626913415888944, 0.16457276042395583, 0.051437073426010706, 0.14026226662099361, 0.0697079182912906, 0.03689414662464211, 0.15934323146939278, 0.10886369304110606, 0.05201339550937215, 0.2629728739460309, 0.16066025445858637, 0.03224655956728384, 0.32820099343856174, 0.09773121975983183, 0.04584675499548515, 0.1977221481502056, 0.11473286120841901, 0.0776756318906943, 0.26095017542441684, 0.04576933372300118, 0.017374941264279187, 0.22280923649668694, 0.0738650703181823, 0.051253072649463625, 0.22834898407260576, 0.04560977849178016, 0.02684994691420191, 0.2067264864842097, 0.09633271054675181, 0.14061150370010486, 0.17123877008756003, 0.07509384707858165, 0.20370734793444475, 0.2802090620001157, 0.07621166110038757, 0.028993384602169197, 0.2618962402145068, 0.10320209835966428, 0.09814708400517702, 0.4015318478147189, 0.16437658791740736, 0.0256356979055757, 0.2667892972628276, 0.1579230489830176, 0.15328689385205507, 0.2788053850332896, 0.13578812591731548, 0.060155428014695644, 0.168453232695659, 0.056356361135840416, 0.01632288659069066, 0.2494915078083674, 0.15844658358643451, 0.11245729960501194]
Received data: [(0, 20), (0, 1010), (0, 610), (0, 118793), (0, 19), (0, 21), (0, 117229), (1, 21), (1, 117229), (2, 19), (2, 19), (2, 21), (2, 117229), (3, 19), (3, 19), (3, 19), (3, 19), (3, 19), (3, 21), (3, 117229), (4, 21), (4, 117229), (5, 21), (5, 117229), (6, 21), (6, 117229), (7, 21), (7, 117229), (8, 19), (8, 21), (8, 117229), (9, 21), (9, 117229), (10, 21), (10, 117229), (11, 21), (11, 117229), (12, 19), (12, 21), (12, 117229), (13, 19), (13, 21), (13, 117229), (14, 19), (14, 21), (14, 117229), (15, 21), (15, 117229), (16, 21), (16, 117229), (17, 21), (17, 117229), (18, 21), (18, 117229), (19, 19), (19, 19), (19, 19), (19, 21), (19, 117229), (20, 19), (20, 21), (20, 117229), (21, 21), (21, 117229), (22, 21), (22, 117229), (23, 21), (23, 117229), (24, 19), (24, 19), (24, 19), (24, 19), (24, 19), (24, 21), (24, 117229), (25, 19), (25, 21), (25, 117229), (26, 21), (26, 117229), (27, 21), (27, 117229), (28, 21), (28, 117229)]
Send data: [(0, 23), (0, 117229), (1, 117229), (2, 117229), (2, 117229), (2, 117229), (3, 117229), (3, 117229), (3, 117229), (3, 117229), (3, 117229), (3, 117229), (4, 117229), (5, 117229), (6, 117229), (7, 117229), (8, 117229), (8, 117229), (9, 117229), (10, 117229), (11, 117229), (12, 117229), (12, 117229), (13, 117229), (13, 117229), (14, 117229), (14, 117229), (15, 117229), (16, 117229), (17, 117229), (18, 117229), (19, 117229), (19, 117229), (19, 117229), (19, 117229), (20, 117229), (20, 117229), (21, 117229), (22, 117229), (23, 117229), (24, 117229), (24, 117229), (24, 117229), (24, 117229), (24, 117229), (24, 117229), (25, 117229), (25, 117229), (26, 117229), (27, 117229), (28, 117229)]
Strategies (if used): ['Strategy 1', 'Strategy 1', 'Strategy 1', 'Strategy 1', 'Strategy 1', 'Strategy 1', 'Strategy 1', 'Strategy 2', 'Strategy 1', 'Strategy 1', 'Strategy 2', 'Strategy 1', 'Strategy 2', 'Strategy 1', 'Strategy 1', 'Strategy 1', 'Strategy 1', 'Strategy 1', 'Strategy 1', 'Strategy 2', 'Strategy 1', 'Strategy 1', 'Strategy 1', 'Strategy 1', 'Strategy 1', 'Strategy 1', 'Strategy 1', 'Strategy 1']


Duration: 280 minutes 58 seconds
