The following training was conducted:

C: 0.8
K: 3
R: 15
E: 3
B: 64
optimizer: <class 'torch.optim.adam.Adam'>
criterion: CrossEntropyLoss()
lr: 0.01
data_name: MNIST
shards_each: 2
ternary: False
personalized: False
iid: True
model: <class 'models.Net_3'>
LESS_DATA: 1000
SERVER_TEST_SIZE: 1000
SERVER_TRAIN_SIZE: 100


Information from Server:

Accuracy: [0.1, 0.32, 0.81, 0.85, 0.94, 0.95, 0.96, 0.95, 0.97, 0.96, 0.95, 0.95, 0.96, 0.97, 0.97]
Loss: [2.3022758960723877, 1.9656469821929932, 0.6965960264205933, 0.3871199041604996, 0.20225633680820465, 0.19055170565843582, 0.10911564901471138, 0.12431017681956291, 0.08986289892345667, 0.12511839717626572, 0.10049452632665634, 0.1450134441256523, 0.07907884195446968, 0.08640790730714798, 0.21074585989117622]
Received data: [(1, 23), (1, 23), (1, 23), (2, 478501), (2, 478501), (2, 478501), (3, 478501), (3, 478501), (3, 478501), (4, 478501), (4, 478501), (4, 478501), (5, 478501), (5, 478501), (5, 478501), (6, 478501), (6, 478501), (6, 478501), (7, 478501), (7, 478501), (7, 478501), (8, 478501), (8, 478501), (8, 478501), (9, 478501), (9, 478501), (9, 478501), (10, 478501), (10, 478501), (10, 478501), (11, 478501), (11, 478501), (11, 478501), (12, 478501), (12, 478501), (12, 478501), (13, 478501), (13, 478501), (13, 478501), (14, 478501), (14, 478501), (14, 478501), (15, 478501), (15, 478501), (15, 478501), (16, 478501), (16, 478501), (16, 478501)]
Send data: [(1, 20), (1, 2815), (1, 610), (1, 480529), (1, 20), (1, 2815), (1, 610), (1, 480529), (1, 20), (1, 2815), (1, 610), (1, 480529), (2, 21), (2, 19), (2, 21), (2, 478501), (2, 478501), (3, 21), (3, 21), (3, 19), (3, 478501), (3, 478501), (4, 19), (4, 21), (4, 21), (4, 478501), (4, 478501), (5, 21), (5, 19), (5, 21), (5, 478501), (5, 478501), (6, 21), (6, 21), (6, 19), (6, 478501), (6, 478501), (7, 19), (7, 21), (7, 478501), (7, 21), (7, 478501), (8, 21), (8, 21), (8, 19), (8, 478501), (8, 478501), (9, 19), (9, 21), (9, 21), (9, 478501), (9, 478501), (10, 19), (10, 21), (10, 21), (10, 478501), (10, 478501), (11, 21), (11, 19), (11, 478501), (11, 21), (11, 478501), (12, 21), (12, 19), (12, 21), (12, 478501), (12, 478501), (13, 19), (13, 21), (13, 21), (13, 478501), (13, 478501), (14, 21), (14, 21), (14, 19), (14, 478501), (14, 478501), (15, 21), (15, 21), (15, 478501), (15, 478501), (15, 19), (16, 21), (16, 21), (16, 19), (16, 478501), (16, 478501), (16, 21), (16, 478501), (16, 21), (16, 478501), (16, 21), (16, 478501)]


Information from Client_3:

Signals: ['Update', 'Skip', 'Update', 'Update', 'Skip', 'Update', 'Skip', 'Update', 'Update', 'Update', 'Update', 'Update', 'Skip', 'Skip', 'Skip', 'Finish', None]
Data distribution: [(0, 28), (1, 27), (2, 36), (3, 36), (4, 35), (5, 37), (6, 30), (7, 28), (8, 37), (9, 39)]
Accuracy: [0.22822822822822822, 0.10510510510510511, 0.1111111111111111, 0.6996996996996997, 0.8618618618618619, 0.7897897897897898, 0.7687687687687688, 0.8918918918918919, 0.9669669669669669, 0.93993993993994, 0.948948948948949, 0.978978978978979, 0.9579579579579579, 0.9129129129129129, 0.9519519519519519, 0.996996996996997, 0.987987987987988, 0.963963963963964, 0.9219219219219219, 0.978978978978979, 0.987987987987988, 0.972972972972973, 0.8768768768768769, 0.978978978978979, 0.9369369369369369, 0.9669669669669669, 0.960960960960961]
Loss: [7.11866815884908, 2.3003961642583213, 2.3009026050567627, 0.7762274742126465, 0.5044096161921819, 0.6051309282581011, 0.722437267502149, 0.3324529950817426, 0.09251649864017963, 0.20473991706967354, 0.14903795750190815, 0.057619026551644005, 0.09919052012264729, 0.3416924824317296, 0.1256252614160379, 0.022912071241686743, 0.03030619549099356, 0.10724745543363194, 0.23382904722044864, 0.07210777699947357, 0.016015729284845293, 0.0814287276007235, 0.5405267675717672, 0.0679272065560023, 0.3633899465203285, 0.08608408023913701, 0.08537681493908167]
Received data: [(0, 20), (0, 2815), (0, 610), (0, 480529), (0, 21), (0, 478501), (1, 19), (1, 21), (1, 478501), (2, 21), (2, 478501), (3, 19), (3, 21), (3, 478501), (4, 19), (4, 21), (4, 478501), (5, 21), (5, 478501), (6, 21), (6, 478501), (7, 21), (7, 478501), (8, 21), (8, 478501), (9, 19), (9, 19), (9, 19), (9, 21), (9, 478501)]
Send data: [(0, 23), (1, 478501), (1, 478501), (2, 478501), (3, 478501), (3, 478501), (4, 478501), (4, 478501), (5, 478501), (6, 478501), (7, 478501), (8, 478501), (9, 478501), (9, 478501), (9, 478501), (9, 478501)]
Strategies (if used): []


Information from Client_2:

Signals: ['Skip', 'Update', 'Update', 'Skip', 'Update', 'Update', 'Update', 'Update', 'Update', 'Skip', 'Skip', 'Update', 'Update', 'Update', 'Update', 'Finish', None]
Data distribution: [(0, 31), (1, 41), (2, 33), (3, 37), (4, 30), (5, 28), (6, 30), (7, 34), (8, 32), (9, 37)]
Accuracy: [0.34234234234234234, 0.5465465465465466, 0.5015015015015015, 0.5105105105105106, 0.6456456456456456, 0.7927927927927928, 0.7687687687687688, 0.8708708708708709, 0.9159159159159159, 0.9009009009009009, 0.9459459459459459, 0.972972972972973, 0.8108108108108109, 0.9429429429429429, 0.975975975975976, 0.960960960960961, 0.96996996996997, 0.954954954954955, 0.9669669669669669, 0.9579579579579579, 0.984984984984985, 0.9519519519519519, 0.975975975975976, 0.984984984984985, 0.984984984984985, 0.9669669669669669, 0.975975975975976, 0.963963963963964, 0.9819819819819819, 0.996996996996997, 0.96996996996997, 0.978978978978979, 0.993993993993994]
Loss: [2.180940270423889, 1.3976669510205586, 1.7401532729466755, 2.1009480953216553, 0.987774650255839, 0.6266250014305115, 0.8116278847058614, 0.30145839353402454, 0.21012137333552042, 0.21581152578194937, 0.18525987615187964, 0.05964889687796434, 0.9167651832103729, 0.14472846438487372, 0.04765985564639171, 0.11993390663216512, 0.08566170372068882, 0.12599799409508705, 0.07461951735119025, 0.12409769867857297, 0.03839839866850525, 0.11073492902020614, 0.10211603343486786, 0.04785362258553505, 0.1491232200836142, 0.1009250080678612, 0.22992177059253058, 0.12590427758793035, 0.05069624446332455, 0.022038259737504024, 0.11603483363675575, 0.07242508341247837, 0.023560956527944654]
Received data: [(0, 20), (0, 2815), (0, 610), (0, 480529), (0, 19), (0, 21), (0, 478501), (1, 21), (1, 478501), (2, 19), (2, 21), (2, 478501), (3, 21), (3, 478501), (4, 21), (4, 478501), (5, 21), (5, 478501), (6, 21), (6, 478501), (7, 19), (7, 19), (7, 21), (7, 478501), (8, 21), (8, 478501), (9, 21), (9, 478501), (10, 21), (10, 478501), (11, 21), (11, 478501)]
Send data: [(0, 23), (0, 478501), (1, 478501), (2, 478501), (2, 478501), (3, 478501), (4, 478501), (5, 478501), (6, 478501), (7, 478501), (7, 478501), (7, 478501), (8, 478501), (9, 478501), (10, 478501), (11, 478501)]
Strategies (if used): []


Information from Client_1:

Signals: ['Update', 'Update', 'Skip', 'Update', 'Update', 'Skip', 'Update', 'Skip', 'Skip', 'Update', 'Update', 'Skip', 'Update', 'Update', 'Update', 'Finish', None]
Data distribution: [(0, 39), (1, 32), (2, 36), (3, 26), (4, 34), (5, 33), (6, 26), (7, 39), (8, 31), (9, 37)]
Accuracy: [0.17717717717717718, 0.11711711711711711, 0.07807807807807808, 0.24024024024024024, 0.48348348348348347, 0.6426426426426426, 0.7777777777777778, 0.9219219219219219, 0.8708708708708709, 0.6066066066066066, 0.8438438438438438, 0.8198198198198198, 0.8858858858858859, 0.948948948948949, 0.954954954954955, 0.9009009009009009, 0.9129129129129129, 0.960960960960961, 0.9819819819819819, 0.978978978978979, 0.990990990990991, 0.978978978978979, 0.993993993993994, 0.987987987987988, 0.96996996996997, 0.9819819819819819, 0.996996996996997, 0.996996996996997, 0.993993993993994, 0.972972972972973]
Loss: [6.639168341954549, 2.293028473854065, 2.334556221961975, 2.2131521701812744, 1.3967182040214539, 1.0759354531764984, 0.6830076525608698, 0.22555136183897653, 0.46747610966364544, 1.707298497358958, 0.5410397946834564, 0.7235004554192225, 0.3272961800297101, 0.13290826169153055, 0.12290608262022336, 0.32089914567768574, 0.2512990931669871, 0.12184260661403339, 0.04690961353480816, 0.07001624285476282, 0.026115617792432506, 0.054690873716026545, 0.022629597760290682, 0.021416540500164654, 0.13126788523125774, 0.05581328288341562, 0.006556224980158731, 0.005725630670591879, 0.015542690642178059, 0.08770474046468735]
Received data: [(0, 20), (0, 2815), (0, 610), (0, 480529), (0, 21), (0, 478501), (1, 21), (1, 478501), (2, 19), (2, 21), (2, 478501), (3, 21), (3, 478501), (4, 19), (4, 21), (4, 478501), (5, 19), (5, 19), (5, 21), (5, 478501), (6, 21), (6, 478501), (7, 19), (7, 21), (7, 478501), (8, 21), (8, 478501), (9, 21), (9, 478501), (10, 21), (10, 478501)]
Send data: [(0, 23), (1, 478501), (2, 478501), (2, 478501), (3, 478501), (4, 478501), (4, 478501), (5, 478501), (5, 478501), (5, 478501), (6, 478501), (7, 478501), (7, 478501), (8, 478501), (9, 478501), (10, 478501)]
Strategies (if used): []


Duration: 34 minutes 30 seconds
