The following training was conducted:

C: 0.8
K: 3
R: 5
E: 3
B: 64
optimizer: <class 'torch.optim.adam.Adam'>
criterion: CrossEntropyLoss()
lr: 0.01
data_name: MNIST
shards_each: 2
ternary: False
personalized: True
iid: True
model: <class 'models.Net_2'>
LESS_DATA: 1000
SERVER_TEST_SIZE: 1000
SERVER_TRAIN_SIZE: 100


Information from Server:

Accuracy: [0.09, 0.08, 0.1, 0.19, 0.08]
Loss: [2.9137107133865356, 3.117790102958679, 3.0085840225219727, 3.078270196914673, 2.6264086961746216]
Received data: [(1, 23), (1, 23), (1, 23), (2, 117895), (2, 117895), (2, 117895), (3, 117895), (3, 117895), (3, 117895), (4, 117895), (4, 117895), (4, 117895), (5, 117895), (5, 117895), (5, 117895), (6, 117895), (6, 117895), (6, 117895)]
Send data: [(1, 20), (1, 2815), (1, 610), (1, 119444), (1, 20), (1, 2815), (1, 610), (1, 119444), (1, 20), (1, 2815), (1, 610), (1, 119444), (2, 21), (2, 117895), (2, 19), (2, 21), (2, 117895), (3, 21), (3, 19), (3, 117895), (3, 21), (3, 117895), (4, 21), (4, 21), (4, 117895), (4, 19), (4, 117895), (5, 19), (5, 21), (5, 21), (5, 117895), (5, 117895), (6, 21), (6, 21), (6, 117895), (6, 117895), (6, 19), (6, 21), (6, 117895), (6, 21), (6, 117895), (6, 21), (6, 117895)]


Information from Client_2:

Signals: ['Skip', 'Skip', 'Update', 'Update', 'Update', 'Finish', None]
Data distribution: [(0, 40), (1, 30), (2, 32), (3, 28), (4, 41), (5, 35), (6, 34), (7, 37), (8, 22), (9, 34)]
Accuracy: [0.3003003003003003, 0.3963963963963964, 0.6126126126126126, 0.16816816816816818, 0.29429429429429427, 0.46546546546546547, 0.24324324324324326, 0.43543543543543545, 0.6966966966966966]
Loss: [2.098352332909902, 1.8376917044321697, 1.3519093990325928, 2.285136898358663, 1.9949307441711426, 1.6301719347635906, 2.21783439318339, 1.6604806184768677, 0.8956682980060577]
Received data: [(0, 20), (0, 2815), (0, 610), (0, 119444), (0, 19), (0, 19), (0, 21), (0, 117895), (1, 21), (1, 117895), (2, 21), (2, 117895), (3, 21), (3, 117895)]
Send data: [(0, 23), (0, 117895), (0, 117895), (1, 117895), (2, 117895), (3, 117895)]
Strategies (if used): []


Information from Client_1:

Signals: ['Update', 'Update', 'Update', 'Skip', 'Update', 'Finish', None]
Data distribution: [(0, 27), (1, 51), (2, 28), (3, 37), (4, 25), (5, 29), (6, 35), (7, 37), (8, 34), (9, 30)]
Accuracy: [0.3483483483483483, 0.6546546546546547, 0.7507507507507507, 0.35135135135135137, 0.6516516516516516, 0.7747747747747747, 0.3153153153153153, 0.5495495495495496, 0.7027027027027027, 0.15315315315315314, 0.25825825825825827, 0.5465465465465466]
Loss: [2.1131059726079306, 1.162783940633138, 0.7348784705003103, 1.8780871629714966, 1.0805392464001973, 0.6402722795804342, 2.0739723642667136, 1.36485622326533, 0.8492381672064463, 2.287152409553528, 1.9862479170163472, 1.4863173365592957]
Received data: [(0, 20), (0, 2815), (0, 610), (0, 119444), (0, 21), (0, 117895), (1, 21), (1, 117895), (2, 21), (2, 117895), (3, 19), (3, 21), (3, 117895), (4, 21), (4, 117895)]
Send data: [(0, 23), (1, 117895), (2, 117895), (3, 117895), (3, 117895), (4, 117895)]
Strategies (if used): []


Information from Client_3:

Signals: ['Update', 'Update', 'Skip', 'Update', 'Skip', 'Finish', None]
Data distribution: [(0, 41), (1, 37), (2, 33), (3, 28), (4, 27), (5, 36), (6, 25), (7, 34), (8, 35), (9, 37)]
Accuracy: [0.3333333333333333, 0.6126126126126126, 0.7897897897897898, 0.23123123123123124, 0.5075075075075075, 0.6996996996996997, 0.12912912912912913, 0.46846846846846846, 0.6246246246246246]
Loss: [2.041570544242859, 1.2964584231376648, 0.6289946138858795, 2.1164043148358664, 1.5490706364313762, 0.8823213775952657, 2.2124529282251992, 1.6626775463422139, 1.155085990826289]
Received data: [(0, 20), (0, 2815), (0, 610), (0, 119444), (0, 21), (0, 117895), (1, 21), (1, 117895), (2, 19), (2, 21), (2, 117895), (3, 19), (3, 21), (3, 117895)]
Send data: [(0, 23), (1, 117895), (2, 117895), (2, 117895), (3, 117895), (3, 117895)]
Strategies (if used): []


Duration: 25 minutes 22 seconds
