The following training was conducted:

C: 0.8
K: 3
R: 15
E: 3
B: 64
optimizer: <class 'torch.optim.adam.Adam'>
criterion: CrossEntropyLoss()
lr: 0.01
data_name: CIFAR10
iid: True
shards_each: 2
ternary: True
personalized: True
model: <class 'models.Net_4'>
LESS_DATA: 10000
SERVER_TEST_SIZE: 1000
SERVER_TRAIN_SIZE: 1000


Information from Server:

Accuracy: [0.1, 0.1, 0.1, 0.1, 0.1, 0.1, 0.1, 0.1, 0.1, 0.1, 0.1, 0.1, 0.1, 0.1, 0.1]
Loss: [2.3201499432325363, 2.3229207545518875, 2.322985351085663, 2.314002513885498, 2.3252303898334503, 2.315948873758316, 2.3178828805685043, 2.324750393629074, 2.324196010828018, 2.3184326738119125, 2.318642631173134, 2.315148338675499, 2.3080296516418457, 2.3128626346588135, 2.311548575758934]
Received data: [(1, 23), (1, 23), (1, 23), (2, 250878), (2, 250878), (2, 250878), (3, 250878), (3, 250878), (3, 250878), (4, 250878), (4, 250878), (4, 250878), (5, 250878), (5, 250878), (5, 250878), (6, 250878), (6, 250878), (6, 250878), (7, 250878), (7, 250878), (7, 250878), (8, 250878), (8, 250878), (8, 250878), (9, 250878), (9, 250878), (9, 250878), (10, 250878), (10, 250878), (10, 250878), (11, 250878), (11, 250878), (11, 250878), (12, 250878), (12, 250878), (12, 250878), (13, 250878), (13, 250878), (13, 250878), (14, 250878), (14, 250878), (14, 250878), (15, 250878), (15, 250878), (15, 250878), (16, 250878), (16, 250878), (16, 250878)]
Send data: [(1, 22), (1, 26815), (1, 612), (1, 252585), (1, 22), (1, 26815), (1, 612), (1, 252585), (1, 22), (1, 26815), (1, 612), (1, 252585), (2, 21), (2, 21), (2, 19), (2, 250878), (2, 250878), (3, 21), (3, 19), (3, 250878), (3, 21), (3, 250878), (4, 19), (4, 21), (4, 21), (4, 250878), (4, 250878), (5, 19), (5, 21), (5, 21), (5, 250878), (5, 250878), (6, 21), (6, 21), (6, 19), (6, 250878), (6, 250878), (7, 21), (7, 19), (7, 21), (7, 250878), (7, 250878), (8, 21), (8, 21), (8, 19), (8, 250878), (8, 250878), (9, 21), (9, 19), (9, 21), (9, 250878), (9, 250878), (10, 21), (10, 21), (10, 19), (10, 250878), (10, 250878), (11, 21), (11, 21), (11, 19), (11, 250878), (11, 250878), (12, 21), (12, 21), (12, 19), (12, 250878), (12, 250878), (13, 21), (13, 21), (13, 19), (13, 250878), (13, 250878), (14, 19), (14, 21), (14, 21), (14, 250878), (14, 250878), (15, 21), (15, 21), (15, 250878), (15, 19), (15, 250878), (16, 19), (16, 21), (16, 21), (16, 250878), (16, 250878), (16, 21), (16, 250878), (16, 21), (16, 250878), (16, 21), (16, 250878)]


Information from Client_2:

Signals: ['Update', 'Skip', 'Update', 'Update', 'Update', 'Skip', 'Update', 'Skip', 'Update', 'Update', 'Update', 'Update', 'Update', 'Update', 'Update', 'Finish', None]
Data distribution: [(0, 345), (1, 321), (2, 326), (3, 347), (4, 319), (5, 331), (6, 346), (7, 357), (8, 308), (9, 333)]
Accuracy: [0.2514251425142514, 0.24752475247524752, 0.25412541254125415, 0.09570957095709572, 0.09570957095709572, 0.1035103510351035, 0.10711071107110712, 0.1035103510351035, 0.10711071107110712, 0.1038103810381038, 0.10711071107110712, 0.0999099909990999, 0.1041104110411041, 0.0999099909990999, 0.1035103510351035, 0.1041104110411041, 0.1038103810381038, 0.1035103510351035, 0.1038103810381038, 0.1038103810381038, 0.1035103510351035, 0.09780978097809781, 0.1041104110411041, 0.10711071107110712, 0.09930993099309932, 0.1035103510351035, 0.1041104110411041, 0.1041104110411041, 0.09930993099309932, 0.0999099909990999, 0.10711071107110712, 0.1035103510351035, 0.0963096309630963, 0.09780978097809781, 0.10711071107110712, 0.0999099909990999]
Loss: [2.1022097614576234, 2.0426491071593085, 1.9696917623843786, 2.3198297878481307, 2.319038656522643, 2.304934029309255, 2.316120503083715, 2.3086916185774893, 2.30177070959559, 2.307760791958503, 2.305538092019423, 2.30640066344783, 2.309144321477638, 2.310858173190423, 2.308287310150434, 2.3040506524859734, 2.307690310028364, 2.3070559186755486, 2.310222382815379, 2.305625758081112, 2.3077238865618437, 2.3127963857830696, 2.3088525016352817, 2.302765774277021, 2.304347074256753, 2.3095869793082184, 2.3086110106054343, 2.3076083480187184, 2.3108380515620395, 2.3062683591302835, 2.312368055559554, 2.302022673049063, 2.3247242918554343, 2.312929886691975, 2.3080844564257927, 2.3213808626498817]
Received data: [(0, 22), (0, 26815), (0, 612), (0, 252585), (0, 21), (0, 250878), (1, 19), (1, 21), (1, 250878), (2, 21), (2, 250878), (3, 21), (3, 250878), (4, 19), (4, 21), (4, 250878), (5, 19), (5, 21), (5, 250878), (6, 21), (6, 250878), (7, 21), (7, 250878), (8, 21), (8, 250878), (9, 21), (9, 250878), (10, 21), (10, 250878), (11, 21), (11, 250878), (12, 21), (12, 250878)]
Send data: [(0, 23), (1, 250878), (1, 250878), (2, 250878), (3, 250878), (4, 250878), (4, 250878), (5, 250878), (5, 250878), (6, 250878), (7, 250878), (8, 250878), (9, 250878), (10, 250878), (11, 250878), (12, 250878)]
Strategies (if used): ['Strategy 2', 'Strategy 1', 'Strategy 1', 'Strategy 1', 'Strategy 1', 'Strategy 1', 'Strategy 1', 'Strategy 1', 'Strategy 1', 'Strategy 1', 'Strategy 1', 'Strategy 1']


Information from Client_1:

Signals: ['Update', 'Update', 'Skip', 'Skip', 'Update', 'Update', 'Update', 'Update', 'Update', 'Update', 'Update', 'Update', 'Skip', 'Update', 'Skip', 'Finish', None]
Data distribution: [(0, 339), (1, 359), (2, 343), (3, 309), (4, 315), (5, 328), (6, 365), (7, 337), (8, 337), (9, 301)]
Accuracy: [0.10951095109510951, 0.1077107710771077, 0.1077107710771077, 0.10291029102910292, 0.1077107710771077, 0.1077107710771077, 0.10111011101110111, 0.09840984098409841, 0.10951095109510951, 0.10951095109510951, 0.10951095109510951, 0.10111011101110111, 0.10171017101710171, 0.10951095109510951, 0.10951095109510951, 0.1077107710771077, 0.10951095109510951, 0.1077107710771077, 0.09840984098409841, 0.10951095109510951, 0.1077107710771077, 0.09450945094509451, 0.1077107710771077, 0.10171017101710171, 0.10171017101710171, 0.10951095109510951, 0.09450945094509451, 0.10951095109510951, 0.10111011101110111, 0.10171017101710171, 0.09450945094509451, 0.1077107710771077, 0.10111011101110111]
Loss: [2.303889166634038, 2.302098904015883, 2.302421803744334, 2.3069131689251594, 2.3025476887540997, 2.3038284553671784, 2.3055520417555324, 2.3046551650425173, 2.3045156631829604, 2.310777781144628, 2.3066593341107637, 2.3034971884961397, 2.3087547950024874, 2.3118689555042193, 2.3123313795845464, 2.3041047780018933, 2.314901630833464, 2.3039151497606962, 2.3239412577647083, 2.3039832879912177, 2.3019865278927787, 2.30513515112535, 2.307545297550705, 2.3016777623374507, 2.3079447251445844, 2.3032639566457496, 2.312444416981823, 2.3056777873129213, 2.3062988902038, 2.3048080453332864, 2.3059600029351577, 2.30304036500319, 2.310961939253897]
Received data: [(0, 22), (0, 26815), (0, 612), (0, 252585), (0, 21), (0, 250878), (1, 21), (1, 250878), (2, 19), (2, 19), (2, 21), (2, 250878), (3, 21), (3, 250878), (4, 21), (4, 250878), (5, 21), (5, 250878), (6, 21), (6, 250878), (7, 21), (7, 250878), (8, 21), (8, 250878), (9, 21), (9, 250878), (10, 19), (10, 21), (10, 250878), (11, 19), (11, 21), (11, 250878)]
Send data: [(0, 23), (1, 250878), (2, 250878), (2, 250878), (2, 250878), (3, 250878), (4, 250878), (5, 250878), (6, 250878), (7, 250878), (8, 250878), (9, 250878), (10, 250878), (10, 250878), (11, 250878), (11, 250878)]
Strategies (if used): ['Strategy 1', 'Strategy 1', 'Strategy 1', 'Strategy 1', 'Strategy 1', 'Strategy 1', 'Strategy 1', 'Strategy 1', 'Strategy 1', 'Strategy 1', 'Strategy 1']


Information from Client_3:

Signals: ['Skip', 'Update', 'Update', 'Update', 'Skip', 'Update', 'Skip', 'Update', 'Skip', 'Skip', 'Skip', 'Skip', 'Update', 'Skip', 'Update', 'Finish', None]
Data distribution: [(0, 330), (1, 300), (2, 310), (3, 346), (4, 342), (5, 335), (6, 313), (7, 335), (8, 360), (9, 362)]
Accuracy: [0.1005100510051005, 0.10861086108610861, 0.1038103810381038, 0.10801080108010801, 0.10861086108610861, 0.10801080108010801, 0.1005100510051005, 0.1038103810381038, 0.10261026102610261, 0.10261026102610261, 0.09900990099009901, 0.1005100510051005, 0.10801080108010801, 0.1038103810381038, 0.10261026102610261, 0.1005100510051005, 0.10861086108610861, 0.1005100510051005, 0.10861086108610861, 0.1005100510051005, 0.1005100510051005]
Loss: [2.3057162131903306, 2.3049643489549743, 2.3052283817867063, 2.3047967496907935, 2.307284548597516, 2.303763596516735, 2.309526322022924, 2.3179659798460186, 2.3025377066630237, 2.308955579433801, 2.306772344517258, 2.3023030757904053, 2.3035834600340643, 2.3021371409578144, 2.3037066954486773, 2.354696849607072, 2.3081157522381477, 2.303781707331819, 2.3127062545632415, 2.3061224424614095, 2.30686627693896]
Received data: [(0, 22), (0, 26815), (0, 612), (0, 252585), (0, 19), (0, 21), (0, 250878), (1, 21), (1, 250878), (2, 21), (2, 250878), (3, 19), (3, 21), (3, 250878), (4, 19), (4, 21), (4, 250878), (5, 19), (5, 19), (5, 19), (5, 19), (5, 21), (5, 250878), (6, 19), (6, 21), (6, 250878), (7, 21), (7, 250878)]
Send data: [(0, 23), (0, 250878), (1, 250878), (2, 250878), (3, 250878), (3, 250878), (4, 250878), (4, 250878), (5, 250878), (5, 250878), (5, 250878), (5, 250878), (5, 250878), (6, 250878), (6, 250878), (7, 250878)]
Strategies (if used): ['Strategy 1', 'Strategy 1', 'Strategy 1', 'Strategy 1', 'Strategy 1', 'Strategy 1', 'Strategy 1']


Duration: 440 minutes 48 seconds
