The following training was conducted:

C: 0.8
K: 3
R: 25
E: 3
B: 64
optimizer: <class 'torch.optim.adam.Adam'>
criterion: CrossEntropyLoss()
lr: 0.01
data_name: MNIST
shards_each: 2
ternary: True
personalized: False
iid: True
model: <class 'models.Net_2_Q'>
LESS_DATA: 1000
SERVER_TEST_SIZE: 1000
SERVER_TRAIN_SIZE: 100


Information from Server:

Accuracy: [0.41, 0.87, 0.91, 0.92, 0.92, 0.96, 0.93, 0.93, 0.93, 0.92, 0.92, 0.93, 0.92, 0.88, 0.9, 0.9, 0.92, 0.91, 0.92, 0.93, 0.95, 0.92, 0.95, 0.95, 0.94]
Loss: [12.896045684814453, 0.6450338363647461, 1.57161545753479, 0.5037961602210999, 0.7721071243286133, 0.37570250034332275, 1.6440917253494263, 0.9531356990337372, 1.507987916469574, 1.1099355220794678, 2.03529554605484, 1.1992452144622803, 2.5405582189559937, 2.156872034072876, 2.161737322807312, 2.625914216041565, 2.8818074464797974, 4.1457297801971436, 2.533687114715576, 2.0816025733947754, 3.4911293983459473, 2.444326400756836, 1.7441024780273438, 1.011862576007843, 1.862793207168579]
Received data: [(1, 23), (1, 23), (1, 23), (2, 117245), (2, 117245), (2, 117245), (3, 117245), (3, 117245), (3, 117245), (4, 117245), (4, 117245), (4, 117245), (5, 117245), (5, 117245), (5, 117245), (6, 117245), (6, 117245), (6, 117245), (7, 117245), (7, 117245), (7, 117245), (8, 117245), (8, 117245), (8, 117245), (9, 117245), (9, 117245), (9, 117245), (10, 117245), (10, 117245), (10, 117245), (11, 117245), (11, 117245), (11, 117245), (12, 117245), (12, 117245), (12, 117245), (13, 117245), (13, 117245), (13, 117245), (14, 117245), (14, 117245), (14, 117245), (15, 117245), (15, 117245), (15, 117245), (16, 117245), (16, 117245), (16, 117245), (17, 117245), (17, 117245), (17, 117245), (18, 117245), (18, 117245), (18, 117245), (19, 117245), (19, 117245), (19, 117245), (20, 117245), (20, 117245), (20, 117245), (21, 117245), (21, 117245), (21, 117245), (22, 117245), (22, 117245), (22, 117245), (23, 117245), (23, 117245), (23, 117245), (24, 117245), (24, 117245), (24, 117245), (25, 117245), (25, 117245), (25, 117245), (26, 117245), (26, 117245), (26, 117245)]
Send data: [(1, 20), (1, 2815), (1, 610), (1, 118809), (1, 20), (1, 2815), (1, 610), (1, 118809), (1, 20), (1, 2815), (1, 610), (1, 118809), (2, 19), (2, 21), (2, 21), (2, 117245), (2, 117245), (3, 19), (3, 21), (3, 21), (3, 77643), (3, 77643), (4, 19), (4, 21), (4, 21), (4, 77643), (4, 77643), (5, 19), (5, 21), (5, 21), (5, 77643), (5, 77643), (6, 21), (6, 19), (6, 21), (6, 77643), (6, 77643), (7, 21), (7, 19), (7, 21), (7, 77643), (7, 77643), (8, 21), (8, 21), (8, 77643), (8, 19), (8, 77643), (9, 19), (9, 21), (9, 21), (9, 77643), (9, 77643), (10, 19), (10, 21), (10, 21), (10, 77643), (10, 77643), (11, 19), (11, 21), (11, 21), (11, 77643), (11, 77643), (12, 19), (12, 21), (12, 21), (12, 77643), (12, 77643), (13, 19), (13, 21), (13, 21), (13, 77643), (13, 77643), (14, 21), (14, 21), (14, 77643), (14, 77643), (14, 19), (15, 21), (15, 21), (15, 19), (15, 77643), (15, 77643), (16, 19), (16, 21), (16, 21), (16, 77643), (16, 77643), (17, 21), (17, 19), (17, 21), (17, 77643), (17, 77643), (18, 19), (18, 21), (18, 21), (18, 77643), (18, 77643), (19, 21), (19, 19), (19, 21), (19, 77643), (19, 77643), (20, 19), (20, 21), (20, 21), (20, 77643), (20, 77643), (21, 21), (21, 21), (21, 19), (21, 77643), (21, 77643), (22, 19), (22, 21), (22, 21), (22, 77643), (22, 77643), (23, 21), (23, 21), (23, 77643), (23, 19), (23, 77643), (24, 21), (24, 21), (24, 19), (24, 77643), (24, 77643), (25, 19), (25, 21), (25, 21), (25, 77643), (25, 77643), (26, 21), (26, 77643), (26, 21), (26, 19), (26, 77643), (26, 21), (26, 77643), (26, 21), (26, 77643), (26, 21), (26, 77643)]


Duration: 99 minutes 24 seconds
Information from Client_2:

Signals: ['Update', 'Update', 'Update', 'Update', 'Update', 'Update', 'Skip', 'Update', 'Update', 'Update', 'Update', 'Update', 'Skip', 'Skip', 'Update', 'Update', 'Update', 'Update', 'Update', 'Skip', 'Update', 'Skip', 'Skip', 'Update', 'Skip', 'Finish', None]
Data distribution: [(0, 28), (1, 43), (2, 37), (3, 39), (4, 35), (5, 25), (6, 28), (7, 39), (8, 34), (9, 25)]
Accuracy: [0.933933933933934, 0.9069069069069069, 0.987987987987988, 0.93993993993994, 0.9459459459459459, 0.978978978978979, 0.978978978978979, 0.975975975975976, 0.9819819819819819, 0.984984984984985, 0.9669669669669669, 0.9819819819819819, 0.9819819819819819, 0.9819819819819819, 0.9519519519519519, 0.96996996996997, 0.9819819819819819, 0.9819819819819819, 0.96996996996997, 0.96996996996997, 0.996996996996997, 0.996996996996997, 0.996996996996997, 0.996996996996997, 0.996996996996997, 0.996996996996997]
Loss: [5.162383168935776, 0.8431520465043528, 0.03415093959968848, 0.7444384495417277, 0.726328598956267, 0.15445528446863163, 0.15445529003269062, 0.2514724138212235, 0.38789314855481877, 0.1080496137146838, 0.7198114540969603, 0.3357506612811297, 0.33574995036178734, 0.5284628467440294, 0.785811555882295, 0.3216624179234107, 0.4921870256463678, 0.22497343923589122, 0.4482499800506048, 0.39196457088184616, 0.04777505722207324, 0.0477750556758381, 0.0477750569116324, 0.054030136826137255, 0.05403013663201015, 0.029049770810521125]
Training acc & loss: [[[0.9748883346716563, 0.7447447447447447], [0.39939436316490173, 0.8588588588588588], [0.1630458931128184, 0.9459459459459459]], [[1.3756898840268452, 0.8798798798798799], [0.3351268842816353, 0.9459459459459459], [0.16717615484958515, 0.954954954954955]], [[0.959655632575353, 0.8978978978978979], [0.1981276355478864, 0.963963963963964], [0.03365792933240641, 0.987987987987988]], [[0.5668798924889416, 0.9279279279279279], [0.11680097784238323, 0.978978978978979], [0.09885279859493797, 0.9819819819819819]], [[0.434474257513493, 0.9429429429429429], [0.11025027791038156, 0.972972972972973], [0.11541699676005616, 0.9819819819819819]], [[0.3606095165014267, 0.954954954954955], [0.38053894100278757, 0.9669669669669669], [0.03750122821697962, 0.990990990990991]], [[0.03750122821697962, 0.990990990990991], [0.03750122821697962, 0.990990990990991], [0.03750122821697962, 0.990990990990991]], [[0.06342801284077144, 0.987987987987988], [0.43136296638512306, 0.972972972972973], [0.11323055962081223, 0.9819819819819819]], [[0.5047229199359814, 0.960960960960961], [0.1615483074616956, 0.987987987987988], [0.11138902549799923, 0.990990990990991]], [[0.0641388186665471, 0.990990990990991], [0.3955192437085013, 0.972972972972973], [0.04258923152992707, 0.996996996996997]], [[0.19650401050845603, 0.972972972972973], [0.08711006430288142, 0.990990990990991], [0.17745655678087738, 0.978978978978979]], [[1.2565723297496636, 0.9279279279279279], [0.030697292040597308, 0.993993993993994], [0.05900471330930183, 0.993993993993994]], [[0.05900471330930183, 0.993993993993994], [0.05900471330930183, 0.993993993993994], [0.05900471330930183, 0.993993993993994]], [[0.05900471330930183, 0.993993993993994], [0.05900471330930183, 0.993993993993994], [0.05900471330930183, 0.993993993993994]], [[0.20194331966922618, 0.978978978978979], [0.0005730441619746044, 1.0], [0.24203464885552725, 0.975975975975976]], [[0.11648857647863527, 0.984984984984985], [0.001514196395867362, 1.0], [0.2581871436317062, 0.9819819819819819]], [[0.48957244471724454, 0.96996996996997], [0.6589435194594747, 0.978978978978979], [0.09192953362586802, 0.987987987987988]], [[0.00014700941836539214, 1.0], [0.18440661048286078, 0.9819819819819819], [0.5982092188989251, 0.978978978978979]], [[0.022367694027088564, 0.996996996996997], [0.0062901688113280825, 0.996996996996997], [0.07200541906058781, 0.993993993993994]], [[0.07200541906058781, 0.993993993993994], [0.07200541906058781, 0.993993993993994], [0.07200541906058781, 0.993993993993994]], [[0.09857584753384192, 0.987987987987988], [0.018608580087250914, 0.996996996996997], [3.19752118116412e-08, 1.0]], [[3.19752118116412e-08, 1.0], [3.19752118116412e-08, 1.0], [3.19752118116412e-08, 1.0]], [[3.19752118116412e-08, 1.0], [3.19752118116412e-08, 1.0], [3.19752118116412e-08, 1.0]], [[2.825003993696858e-08, 1.0], [0.00011969950475371194, 1.0], [0.09553334137778317, 0.9819819819819819]], [[0.09553334137778317, 0.9819819819819819], [0.09553334137778317, 0.9819819819819819], [0.09553334137778317, 0.9819819819819819]]]
Received data: [(0, 20), (0, 2815), (0, 610), (0, 118809), (1, 21), (1, 117245), (2, 21), (2, 77643), (3, 21), (3, 77643), (4, 21), (4, 77643), (5, 21), (5, 77643), (6, 21), (6, 77643), (7, 19), (8, 21), (8, 77643), (9, 21), (9, 77643), (10, 21), (10, 77643), (11, 21), (11, 77643), (12, 21), (12, 77643), (13, 19), (14, 19), (15, 21), (15, 77643), (16, 21), (16, 77643), (17, 21), (17, 77643), (18, 21), (18, 77643), (19, 21), (19, 77643), (20, 19), (21, 21), (21, 77643), (22, 19), (23, 19), (24, 21), (24, 77643), (25, 19), (26, 21), (26, 77643)]
Send data: [(0, 23), (1, 117245), (2, 117245), (3, 117245), (4, 117245), (5, 117245), (6, 117245), (7, 117245), (8, 117245), (9, 117245), (10, 117245), (11, 117245), (12, 117245), (13, 117245), (14, 117245), (15, 117245), (16, 117245), (17, 117245), (18, 117245), (19, 117245), (20, 117245), (21, 117245), (22, 117245), (23, 117245), (24, 117245), (25, 117245), (26, 0)]
Strategies (if used): ['Strategy 1', 'Strategy 1', 'Strategy 2', 'Strategy 1', 'Strategy 1', 'Strategy 1', 'Strategy 1', 'Strategy 1', 'Strategy 1', 'Strategy 1', 'Strategy 1', 'Strategy 1', 'Strategy 1', 'Strategy 1', 'Strategy 1', 'Strategy 1', 'Strategy 1', 'Strategy 1']


Information from Client_1:

Signals: ['Skip', 'Skip', 'Skip', 'Skip', 'Update', 'Update', 'Update', 'Skip', 'Skip', 'Skip', 'Skip', 'Skip', 'Update', 'Update', 'Skip', 'Update', 'Skip', 'Update', 'Skip', 'Update', 'Skip', 'Update', 'Update', 'Skip', 'Update', 'Finish', None]
Data distribution: [(0, 29), (1, 36), (2, 45), (3, 29), (4, 43), (5, 21), (6, 41), (7, 28), (8, 33), (9, 28)]
Accuracy: [0.07507507507507508, 0.07507507507507508, 0.07507507507507508, 0.07507507507507508, 0.9669669669669669, 0.990990990990991, 1.0, 1.0, 1.0, 1.0, 1.0, 1.0, 0.993993993993994, 0.963963963963964, 0.963963963963964, 0.978978978978979, 0.978978978978979, 0.933933933933934, 0.933933933933934, 0.9669669669669669, 0.9669669669669669, 0.963963963963964, 0.996996996996997, 0.996996996996997, 0.984984984984985, 0.996996996996997]
Loss: [2.3271292050679526, 2.324078361193339, 2.3263376553853354, 2.3241219520568848, 0.1425605675396279, 0.21748721513722558, 0.0022336237457238894, 0.00223362372162228, 0.0022338618443870453, 0.002233624550475118, 0.0022336251434656638, 0.0022336231195367873, 0.14817087010540794, 0.5023098203043143, 0.5629951501614414, 0.30596897546568397, 0.30596874864437557, 1.3365616897741954, 1.0535274197657902, 0.23355570062994957, 0.23355569298534343, 0.33098999845484894, 0.044322348158203795, 0.21820006981059223, 0.13078504393596369, 0.00843808642446218]
Training acc & loss: [[[nan, nan], [nan, nan], [nan, nan]], [[nan, nan], [nan, nan], [nan, nan]], [[nan, nan], [nan, nan], [nan, nan]], [[nan, nan], [nan, nan], [nan, nan]], [[0.655383696158727, 0.9039039039039038], [0.4436708365877469, 0.933933933933934], [0.12045843278368314, 0.975975975975976]], [[0.6765112861370047, 0.9279279279279279], [0.6547021667162577, 0.9219219219219219], [0.21349312878252627, 0.96996996996997]], [[0.1430453413874299, 0.975975975975976], [0.3500314691530851, 0.9669669669669669], [0.0022336232364068564, 1.0]], [[0.0022336232364068564, 1.0], [0.0022336232364068564, 1.0], [0.0022336232364068564, 1.0]], [[0.0022336232364068564, 1.0], [0.0022336232364068564, 1.0], [0.0022336232364068564, 1.0]], [[0.0022336232364068564, 1.0], [0.0022336232364068564, 1.0], [0.0022336232364068564, 1.0]], [[0.0022336232364068564, 1.0], [0.0022336232364068564, 1.0], [0.0022336232364068564, 1.0]], [[0.0022336232364068564, 1.0], [0.0022336232364068564, 1.0], [0.0022336232364068564, 1.0]], [[0.3758997991681099, 0.963963963963964], [0.3789000570929299, 0.9669669669669669], [0.045247442683887584, 0.993993993993994]], [[0.36086148536840784, 0.975975975975976], [0.6813474169420412, 0.93993993993994], [0.1454917394197158, 0.9819819819819819]], [[0.1454917394197158, 0.9819819819819819], [0.1454917394197158, 0.9819819819819819], [0.1454917394197158, 0.9819819819819819]], [[0.6218444208304087, 0.9309309309309309], [0.24476008707026153, 0.9819819819819819], [0.0015807050898123027, 1.0]], [[0.0015807050898123027, 1.0], [0.0015807050898123027, 1.0], [0.0015807050898123027, 1.0]], [[0.15849630436664075, 0.990990990990991], [0.039612540354214666, 0.996996996996997], [0.21441269417603812, 0.972972972972973]], [[0.21441269417603812, 0.972972972972973], [0.21441269417603812, 0.972972972972973], [0.21441269417603812, 0.972972972972973]], [[0.008925236304473097, 0.996996996996997], [0.013404622421755144, 0.996996996996997], [0.0337864659219728, 0.993993993993994]], [[0.0337864659219728, 0.993993993993994], [0.0337864659219728, 0.993993993993994], [0.0337864659219728, 0.993993993993994]], [[0.35023159471650916, 0.972972972972973], [0.04465039338295659, 0.990990990990991], [0.09997965697901161, 0.990990990990991]], [[0.12867726630914453, 0.987987987987988], [0.11096797446197175, 0.987987987987988], [9.370523154454228e-07, 1.0]], [[9.370523154454228e-07, 1.0], [9.370523154454228e-07, 1.0], [9.370523154454228e-07, 1.0]], [[0.16004204241713535, 0.987987987987988], [0.3193686401728731, 0.984984984984985], [0.04306408481100732, 0.990990990990991]]]
Received data: [(0, 20), (0, 2815), (0, 610), (0, 118809), (1, 19), (2, 19), (3, 19), (4, 19), (5, 21), (5, 77643), (6, 21), (6, 77643), (7, 21), (7, 77643), (8, 19), (9, 19), (10, 19), (11, 19), (12, 19), (13, 21), (13, 77643), (14, 21), (14, 77643), (15, 19), (16, 21), (16, 77643), (17, 19), (18, 21), (18, 77643), (19, 19), (20, 21), (20, 77643), (21, 19), (22, 21), (22, 77643), (23, 21), (23, 77643), (24, 19), (25, 21), (25, 77643), (26, 21), (26, 77643)]
Send data: [(0, 23), (1, 117245), (2, 117245), (3, 117245), (4, 117245), (5, 117245), (6, 117245), (7, 117245), (8, 117245), (9, 117245), (10, 117245), (11, 117245), (12, 117245), (13, 117245), (14, 117245), (15, 117245), (16, 117245), (17, 117245), (18, 117245), (19, 117245), (20, 117245), (21, 117245), (22, 117245), (23, 117245), (24, 117245), (25, 117245), (26, 0)]
Strategies (if used): ['Strategy 1', 'Strategy 1', 'Strategy 2', 'Strategy 1', 'Strategy 1', 'Strategy 1', 'Strategy 1', 'Strategy 1', 'Strategy 1', 'Strategy 1', 'Strategy 1']


Information from Client_3:

Signals: ['Update', 'Update', 'Update', 'Update', 'Skip', 'Skip', 'Update', 'Update', 'Update', 'Update', 'Update', 'Update', 'Update', 'Update', 'Update', 'Skip', 'Update', 'Skip', 'Update', 'Update', 'Update', 'Update', 'Update', 'Update', 'Update', 'Finish', None]
Data distribution: [(0, 35), (1, 38), (2, 35), (3, 45), (4, 29), (5, 37), (6, 35), (7, 28), (8, 18), (9, 33)]
Accuracy: [0.37237237237237236, 0.9159159159159159, 0.972972972972973, 0.972972972972973, 0.972972972972973, 0.972972972972973, 0.9519519519519519, 0.9819819819819819, 0.96996996996997, 0.9819819819819819, 0.963963963963964, 0.972972972972973, 0.9819819819819819, 0.9519519519519519, 0.93993993993994, 0.93993993993994, 0.972972972972973, 0.972972972972973, 0.990990990990991, 0.996996996996997, 0.996996996996997, 0.996996996996997, 0.993993993993994, 1.0, 0.993993993993994, 0.996996996996997]
Loss: [20.484829584757488, 1.028429960211118, 0.1932327936154555, 0.11176918728354697, 0.11198917749182631, 0.12952181844351193, 1.0970686674118042, 0.06599716372435675, 0.3767547283108191, 0.0964659352691039, 0.633965818832318, 0.23622152381218164, 0.17952490473419402, 0.481510150222442, 1.0841747090841334, 1.3372178475062053, 0.20777087268704855, 0.2077708657210072, 0.04586856719103949, 0.036936864251515544, 0.006983354056671868, 0.011411439006337768, 0.38040459249015157, 0.00018626479253391892, 0.07988471200951601, 0.009736571266936741]
Training acc & loss: [[[2.3007790247599282, 0.0990990990990991], [2.265271782875061, 0.21921921921921922], [1.973214864730835, 0.35735735735735735]], [[2.380523939927419, 0.8228228228228228], [0.488257506241401, 0.9369369369369369], [0.2331667294104894, 0.9219219219219219]], [[1.390902002652486, 0.8678678678678678], [0.5434569095571836, 0.918918918918919], [0.06379290123974594, 0.975975975975976]], [[2.295296311378479, 0.8198198198198198], [0.5492904023773614, 0.9519519519519519], [0.11181512929033488, 0.972972972972973]], [[0.11181512929033488, 0.972972972972973], [0.11181512929033488, 0.972972972972973], [0.11181512929033488, 0.972972972972973]], [[0.11181512929033488, 0.972972972972973], [0.11181512929033488, 0.972972972972973], [0.11181512929033488, 0.972972972972973]], [[0.801193538820371, 0.9459459459459459], [0.7439887921015421, 0.9429429429429429], [0.19616385098398345, 0.987987987987988]], [[0.8213267835477988, 0.9579579579579579], [0.45402766826252144, 0.960960960960961], [0.01368617282699347, 0.993993993993994]], [[0.4244219809770584, 0.9459459459459459], [0.2667028862303293, 0.975975975975976], [0.12161435513189645, 0.993993993993994]], [[0.5479501621723557, 0.960960960960961], [3.7394891580314984e-06, 1.0], [0.07784886884628388, 0.993993993993994]], [[0.43018235194578364, 0.975975975975976], [0.15608971897328652, 0.993993993993994], [0.3426739733549766, 0.9819819819819819]], [[0.17850628025674573, 0.975975975975976], [0.11090317056833025, 0.9819819819819819], [0.21514999047697833, 0.978978978978979]], [[0.23681531951595028, 0.963963963963964], [0.07055062833709957, 0.987987987987988], [0.39106239116638913, 0.978978978978979]], [[0.6558746496836344, 0.9459459459459459], [0.12545914338255315, 0.987987987987988], [0.0016678089853598976, 1.0]], [[0.2406694372924297, 0.972972972972973], [0.0170040968405681, 0.996996996996997], [0.08743879775677972, 0.984984984984985]], [[0.08743879775677972, 0.984984984984985], [0.08743879775677972, 0.984984984984985], [0.08743879775677972, 0.984984984984985]], [[0.009760687808314591, 0.996996996996997], [0.02929927054861044, 0.993993993993994], [0.05753181604292953, 0.990990990990991]], [[0.05753181604292953, 0.990990990990991], [0.05753181604292953, 0.990990990990991], [0.05753181604292953, 0.990990990990991]], [[0.41831475274905944, 0.960960960960961], [0.04521266828766102, 0.996996996996997], [0.03215742498423424, 0.993993993993994]], [[0.035421068231092555, 0.993993993993994], [0.022963003818328238, 0.996996996996997], [0.018975999628916423, 0.996996996996997]], [[0.04899499459800083, 0.990990990990991], [0.00782151132201155, 0.996996996996997], [0.02692785456670836, 0.993993993993994]], [[0.048810566399917356, 0.990990990990991], [0.2123271900539597, 0.987987987987988], [1.2300690286607777e-05, 1.0]], [[7.248831630946029e-06, 1.0], [0.2479394475618998, 0.975975975975976], [0.024278739079780582, 0.996996996996997]], [[0.020510848662676533, 0.993993993993994], [0.22000889137691124, 0.978978978978979], [0.05842893625413126, 0.990990990990991]], [[1.197741739381956e-05, 1.0], [0.0014594185049645603, 1.0], [0.07986569288186714, 0.993993993993994]]]
Received data: [(0, 20), (0, 2815), (0, 610), (0, 118809), (1, 21), (1, 117245), (2, 21), (2, 77643), (3, 21), (3, 77643), (4, 21), (4, 77643), (5, 19), (6, 19), (7, 21), (7, 77643), (8, 21), (8, 77643), (9, 21), (9, 77643), (10, 21), (10, 77643), (11, 21), (11, 77643), (12, 21), (12, 77643), (13, 21), (13, 77643), (14, 21), (14, 77643), (15, 21), (15, 77643), (16, 19), (17, 21), (17, 77643), (18, 19), (19, 21), (19, 77643), (20, 21), (20, 77643), (21, 21), (21, 77643), (22, 21), (22, 77643), (23, 21), (23, 77643), (24, 21), (24, 77643), (25, 21), (25, 77643), (26, 21), (26, 77643)]
Send data: [(0, 23), (1, 117245), (2, 117245), (3, 117245), (4, 117245), (5, 117245), (6, 117245), (7, 117245), (8, 117245), (9, 117245), (10, 117245), (11, 117245), (12, 117245), (13, 117245), (14, 117245), (15, 117245), (16, 117245), (17, 117245), (18, 117245), (19, 117245), (20, 117245), (21, 117245), (22, 117245), (23, 117245), (24, 117245), (25, 117245), (26, 0)]
Strategies (if used): ['Strategy 1', 'Strategy 1', 'Strategy 1', 'Strategy 2', 'Strategy 1', 'Strategy 1', 'Strategy 1', 'Strategy 1', 'Strategy 1', 'Strategy 1', 'Strategy 1', 'Strategy 1', 'Strategy 1', 'Strategy 1', 'Strategy 1', 'Strategy 1', 'Strategy 1', 'Strategy 1', 'Strategy 1', 'Strategy 1', 'Strategy 1']


