The following training was conducted:

C: 0.8
K: 3
R: 15
E: 3
B: 64
optimizer: <class 'torch.optim.adam.Adam'>
criterion: CrossEntropyLoss()
lr: 0.01
data_name: MNIST
shards_each: 2
ternary: False
personalized: True
iid: True
model: <class 'models.Net_2'>
LESS_DATA: 1000
SERVER_TEST_SIZE: 1000
SERVER_TRAIN_SIZE: 100


Information from Server:

Accuracy: [0.11, 0.06, 0.11, 0.05, 0.1, 0.09, 0.01, 0.11, 0.18, 0.09, 0.06, 0.09, 0.05, 0.09, 0.05]
Loss: [2.5716264247894287, 3.8164080381393433, 4.382782220840454, 4.052346706390381, 4.083942532539368, 4.011658430099487, 3.638831615447998, 3.6599605083465576, 3.3621153831481934, 4.137349724769592, 4.21353006362915, 3.2833935022354126, 4.252680540084839, 3.7142080068588257, 4.141994953155518]
Received data: [(1, 23), (1, 23), (1, 23), (2, 117895), (2, 117895), (2, 117895), (3, 117895), (3, 117895), (3, 117895), (4, 117895), (4, 117895), (4, 117895), (5, 117895), (5, 117895), (5, 117895), (6, 117895), (6, 117895), (6, 117895), (7, 117895), (7, 117895), (7, 117895), (8, 117895), (8, 117895), (8, 117895), (9, 117895), (9, 117895), (9, 117895), (10, 117895), (10, 117895), (10, 117895), (11, 117895), (11, 117895), (11, 117895), (12, 117895), (12, 117895), (12, 117895), (13, 117895), (13, 117895), (13, 117895), (14, 117895), (14, 117895), (14, 117895), (15, 117895), (15, 117895), (15, 117895), (16, 117895), (16, 117895), (16, 117895)]
Send data: [(1, 20), (1, 2815), (1, 610), (1, 119444), (1, 20), (1, 2815), (1, 610), (1, 119444), (1, 20), (1, 2815), (1, 610), (1, 119444), (2, 21), (2, 21), (2, 19), (2, 117895), (2, 117895), (3, 19), (3, 21), (3, 21), (3, 117895), (3, 117895), (4, 19), (4, 21), (4, 21), (4, 117895), (4, 117895), (5, 19), (5, 21), (5, 21), (5, 117895), (5, 117895), (6, 21), (6, 19), (6, 21), (6, 117895), (6, 117895), (7, 21), (7, 19), (7, 21), (7, 117895), (7, 117895), (8, 19), (8, 21), (8, 117895), (8, 21), (8, 117895), (9, 21), (9, 21), (9, 19), (9, 117895), (9, 117895), (10, 19), (10, 21), (10, 21), (10, 117895), (10, 117895), (11, 19), (11, 21), (11, 21), (11, 117895), (11, 117895), (12, 19), (12, 21), (12, 21), (12, 117895), (12, 117895), (13, 19), (13, 21), (13, 21), (13, 117895), (13, 117895), (14, 21), (14, 21), (14, 19), (14, 117895), (14, 117895), (15, 19), (15, 21), (15, 21), (15, 117895), (15, 117895), (16, 21), (16, 21), (16, 117895), (16, 117895), (16, 19), (16, 21), (16, 117895), (16, 21), (16, 117895), (16, 21), (16, 117895)]


Information from Client_1:

Signals: ['Update', 'Skip', 'Skip', 'Skip', 'Update', 'Update', 'Skip', 'Update', 'Skip', 'Skip', 'Skip', 'Skip', 'Update', 'Skip', 'Update', 'Finish', None]
Data distribution: [(0, 29), (1, 33), (2, 34), (3, 35), (4, 37), (5, 30), (6, 38), (7, 38), (8, 28), (9, 31)]
Accuracy: [0.2882882882882883, 0.6066066066066066, 0.7777777777777778, 0.5285285285285285, 0.7327327327327328, 0.8288288288288288, 0.36936936936936937, 0.6306306306306306, 0.8318318318318318, 0.42042042042042044, 0.6966966966966966, 0.8528528528528528, 0.6516516516516516, 0.8528528528528528, 0.9309309309309309, 0.7177177177177178, 0.9039039039039038, 0.9519519519519519]
Loss: [2.19318958123525, 1.3978677988052368, 0.6393341918786367, 1.5965887904167175, 0.858525554339091, 0.40082771827777225, 1.8400987188021343, 1.1967218220233917, 0.5110379954179128, 1.8786389430363972, 1.0531243681907654, 0.3660280878345172, 1.246010462443034, 0.4695234497388204, 0.22015667210022608, 1.1173653999964397, 0.33492622524499893, 0.16176898777484894]
Received data: [(0, 20), (0, 2815), (0, 610), (0, 119444), (0, 21), (0, 117895), (1, 19), (1, 19), (1, 19), (1, 21), (1, 117895), (2, 21), (2, 117895), (3, 19), (3, 21), (3, 117895), (4, 19), (4, 19), (4, 19), (4, 19), (4, 21), (4, 117895), (5, 19), (5, 21), (5, 117895), (6, 21), (6, 117895)]
Send data: [(0, 23), (1, 117895), (1, 117895), (1, 117895), (1, 117895), (2, 117895), (3, 117895), (3, 117895), (4, 117895), (4, 117895), (4, 117895), (4, 117895), (4, 117895), (5, 117895), (5, 117895), (6, 117895)]
Strategies (if used): []


Information from Client_2:

Signals: ['Update', 'Update', 'Update', 'Update', 'Skip', 'Skip', 'Update', 'Update', 'Update', 'Update', 'Update', 'Update', 'Update', 'Update', 'Update', 'Finish', None]
Data distribution: [(0, 34), (1, 36), (2, 36), (3, 36), (4, 28), (5, 30), (6, 27), (7, 40), (8, 25), (9, 41)]
Accuracy: [0.25225225225225223, 0.7237237237237237, 0.8048048048048048, 0.3993993993993994, 0.7087087087087087, 0.8288288288288288, 0.36936936936936937, 0.6816816816816816, 0.7687687687687688, 0.4624624624624625, 0.6456456456456456, 0.8138138138138138, 0.5075075075075075, 0.7237237237237237, 0.8588588588588588, 0.4804804804804805, 0.7357357357357357, 0.8648648648648649, 0.3663663663663664, 0.6696696696696697, 0.8348348348348348, 0.5045045045045045, 0.7717717717717718, 0.8888888888888888, 0.6036036036036037, 0.8288288288288288, 0.9099099099099099, 0.5885885885885885, 0.7897897897897898, 0.8738738738738738, 0.5855855855855856, 0.7777777777777778, 0.8888888888888888, 0.5975975975975976, 0.8378378378378378, 0.8948948948948949, 0.6726726726726727, 0.8438438438438438, 0.9069069069069069]
Loss: [2.110602060953776, 1.0802274346351624, 0.610296497742335, 1.6827471653620403, 0.9485615690549215, 0.5446624457836151, 1.8551328579584758, 1.1130143602689107, 0.8705188035964966, 1.9441158175468445, 1.2150673071543376, 0.6691480030616125, 1.6218909621238708, 0.833575040102005, 0.418805460135142, 1.799764096736908, 0.8496639629205068, 0.39754119018713635, 1.7989007830619812, 1.046597917874654, 0.49770719309647876, 1.5925429463386536, 0.7228022515773773, 0.355703463157018, 1.4194212953249614, 0.6809163987636566, 0.2914139007528623, 1.4250919421513875, 0.677896519502004, 0.37462149063746136, 1.3868963122367859, 0.704895630478859, 0.3033464973171552, 1.4155496557553608, 0.6372117648522059, 0.2892231345176697, 1.1898261507352192, 0.46482913692792255, 0.26341506590445835]
Received data: [(0, 20), (0, 2815), (0, 610), (0, 119444), (0, 21), (0, 117895), (1, 21), (1, 117895), (2, 21), (2, 117895), (3, 21), (3, 117895), (4, 19), (4, 19), (4, 21), (4, 117895), (5, 21), (5, 117895), (6, 21), (6, 117895), (7, 21), (7, 117895), (8, 21), (8, 117895), (9, 21), (9, 117895), (10, 21), (10, 117895), (11, 21), (11, 117895), (12, 21), (12, 117895), (13, 21), (13, 117895)]
Send data: [(0, 23), (1, 117895), (2, 117895), (3, 117895), (4, 117895), (4, 117895), (4, 117895), (5, 117895), (6, 117895), (7, 117895), (8, 117895), (9, 117895), (10, 117895), (11, 117895), (12, 117895), (13, 117895)]
Strategies (if used): []


Information from Client_3:

Signals: ['Skip', 'Update', 'Update', 'Update', 'Update', 'Update', 'Update', 'Skip', 'Update', 'Update', 'Update', 'Update', 'Skip', 'Update', 'Skip', 'Finish', None]
Data distribution: [(0, 30), (1, 32), (2, 39), (3, 25), (4, 32), (5, 31), (6, 38), (7, 35), (8, 40), (9, 31)]
Accuracy: [0.4114114114114114, 0.6516516516516516, 0.7837837837837838, 0.4024024024024024, 0.6726726726726727, 0.8318318318318318, 0.3063063063063063, 0.5525525525525525, 0.7717717717717718, 0.5675675675675675, 0.7447447447447447, 0.8708708708708709, 0.42342342342342343, 0.6996996996996997, 0.8498498498498499, 0.3063063063063063, 0.7087087087087087, 0.8498498498498499, 0.4084084084084084, 0.7357357357357357, 0.9159159159159159, 0.4864864864864865, 0.8318318318318318, 0.8948948948948949, 0.6276276276276276, 0.8558558558558559, 0.9129129129129129, 0.6276276276276276, 0.8738738738738738, 0.933933933933934, 0.5465465465465466, 0.8228228228228228, 0.9099099099099099]
Loss: [1.7906907002131145, 1.0589241882165272, 0.7211685826381048, 1.7896464069684346, 1.0874180893103282, 0.5718114525079727, 2.1346056858698526, 1.4256422519683838, 0.7896994749704996, 1.6148241957028706, 0.9126081069310507, 0.4147697910666466, 1.8387786348660786, 0.906877338886261, 0.461759773393472, 1.922159453233083, 1.0998244384924571, 0.44392021000385284, 1.7687057256698608, 0.9903260866800944, 0.33264686291416484, 1.5263498624165852, 0.6721416215101877, 0.28287502378225327, 1.2323736945788066, 0.5859008679787318, 0.25677352398633957, 1.3585497935612996, 0.5113919426997503, 0.24771865954001746, 1.4852640827496846, 0.5785604466994604, 0.317336084942023]
Received data: [(0, 20), (0, 2815), (0, 610), (0, 119444), (0, 19), (0, 21), (0, 117895), (1, 21), (1, 117895), (2, 21), (2, 117895), (3, 21), (3, 117895), (4, 21), (4, 117895), (5, 21), (5, 117895), (6, 19), (6, 21), (6, 117895), (7, 21), (7, 117895), (8, 21), (8, 117895), (9, 21), (9, 117895), (10, 19), (10, 21), (10, 117895), (11, 19), (11, 21), (11, 117895)]
Send data: [(0, 23), (0, 117895), (1, 117895), (2, 117895), (3, 117895), (4, 117895), (5, 117895), (6, 117895), (6, 117895), (7, 117895), (8, 117895), (9, 117895), (10, 117895), (10, 117895), (11, 117895), (11, 117895)]
Strategies (if used): []


Duration: 29 minutes 56 seconds
