The following training was conducted:

C: 0.8
K: 3
R: 15
E: 3
B: 64
optimizer: <class 'torch.optim.adam.Adam'>
criterion: CrossEntropyLoss()
lr: 0.01
data_name: CIFAR10
iid: True
shards_each: 2
ternary: False
personalized: False
model: <class 'models.Net_4'>
LESS_DATA: 10000
SERVER_TEST_SIZE: 1000
SERVER_TRAIN_SIZE: 1000


Information from Server:

Accuracy: [0.107, 0.112, 0.163, 0.203, 0.272, 0.327, 0.313, 0.348, 0.382, 0.382, 0.371, 0.395, 0.381, 0.385, 0.387]
Loss: [2.302214875817299, 2.2822483479976654, 2.2217308431863785, 2.1457501128315926, 1.927780143916607, 1.8311965763568878, 1.826642133295536, 1.7717380300164223, 1.7327383682131767, 1.6950916051864624, 1.7036865651607513, 1.7098440900444984, 1.7318379059433937, 1.7280105128884315, 1.7631436213850975]
Received data: [(1, 23), (1, 23), (1, 23), (2, 250878), (2, 250878), (2, 250878), (3, 250878), (3, 250878), (3, 250878), (4, 250878), (4, 250878), (4, 250878), (5, 250878), (5, 250878), (5, 250878), (6, 250878), (6, 250878), (6, 250878), (7, 250878), (7, 250878), (7, 250878), (8, 250878), (8, 250878), (8, 250878), (9, 250878), (9, 250878), (9, 250878), (10, 250878), (10, 250878), (10, 250878), (11, 250878), (11, 250878), (11, 250878), (12, 250878), (12, 250878), (12, 250878), (13, 250878), (13, 250878), (13, 250878), (14, 250878), (14, 250878), (14, 250878), (15, 250878), (15, 250878), (15, 250878), (16, 250878), (16, 250878), (16, 250878)]
Send data: [(1, 22), (1, 26815), (1, 612), (1, 252585), (1, 22), (1, 26815), (1, 612), (1, 252585), (1, 22), (1, 26815), (1, 612), (1, 252585), (2, 21), (2, 19), (2, 21), (2, 250878), (2, 250878), (3, 21), (3, 19), (3, 21), (3, 250878), (3, 250878), (4, 21), (4, 19), (4, 21), (4, 250878), (4, 250878), (5, 21), (5, 21), (5, 19), (5, 250878), (5, 250878), (6, 19), (6, 21), (6, 21), (6, 250878), (6, 250878), (7, 21), (7, 21), (7, 250878), (7, 250878), (7, 19), (8, 21), (8, 21), (8, 19), (8, 250878), (8, 250878), (9, 21), (9, 21), (9, 19), (9, 250878), (9, 250878), (10, 21), (10, 19), (10, 21), (10, 250878), (10, 250878), (11, 21), (11, 21), (11, 19), (11, 250878), (11, 250878), (12, 21), (12, 19), (12, 21), (12, 250878), (12, 250878), (13, 21), (13, 21), (13, 19), (13, 250878), (13, 250878), (14, 19), (14, 21), (14, 21), (14, 250878), (14, 250878), (15, 21), (15, 21), (15, 250878), (15, 250878), (15, 19), (16, 19), (16, 21), (16, 21), (16, 250878), (16, 250878), (16, 21), (16, 250878), (16, 21), (16, 250878), (16, 21), (16, 250878)]


Information from Client_1:

Signals: ['Update', 'Update', 'Update', 'Update', 'Skip', 'Update', 'Update', 'Update', 'Update', 'Update', 'Update', 'Update', 'Skip', 'Update', 'Skip', 'Finish', None]
Data distribution: [(0, 332), (1, 335), (2, 319), (3, 331), (4, 344), (5, 313), (6, 342), (7, 332), (8, 357), (9, 328)]
Accuracy: [0.09930993099309932, 0.10261026102610261, 0.1005100510051005, 0.22802280228022803, 0.2154215421542154, 0.27362736273627364, 0.21302130213021303, 0.2715271527152715, 0.2619261926192619, 0.2676267626762676, 0.31053105310531054, 0.35913591359135916, 0.3939393939393939, 0.38433843384338434, 0.3951395139513951, 0.38853885388538856, 0.39663966396639666, 0.35253525352535253, 0.40684068406840684, 0.4878487848784879, 0.47134713471347134, 0.4389438943894389, 0.5034503450345035, 0.49564956495649565, 0.47044704470447046, 0.45574557455745573, 0.5373537353735374, 0.48694869486948694, 0.5118511851185118, 0.5463546354635463, 0.5064506450645064, 0.49564956495649565, 0.5502550255025502, 0.48574857485748574, 0.576957695769577, 0.5628562856285628]
Loss: [2.3060829999311916, 2.3032351484838522, 2.30306690144089, 2.1155642361011147, 2.0678756529430173, 1.942621426762275, 2.205059584581627, 2.05054791018648, 2.0438674126031264, 1.8914818673763636, 1.8273012143261027, 1.714851957447124, 1.7094556453093044, 1.6428642362918493, 1.6170789993034218, 1.6410391533149864, 1.6449207877213101, 1.7586608967691097, 1.6295468942174371, 1.4490647923271611, 1.5151277600594286, 1.5599243146068644, 1.4000128440137178, 1.4485050192419089, 1.4517228580870718, 1.4986496061648962, 1.2910277832229182, 1.4119020925377899, 1.3229734785151932, 1.2662561400881354, 1.4125795566810753, 1.4127966502927385, 1.2402124101260923, 1.411224180797361, 1.1957398765491989, 1.204407424296973]
Received data: [(0, 22), (0, 26815), (0, 612), (0, 252585), (0, 21), (0, 250878), (1, 21), (1, 250878), (2, 21), (2, 250878), (3, 21), (3, 250878), (4, 19), (4, 21), (4, 250878), (5, 21), (5, 250878), (6, 21), (6, 250878), (7, 21), (7, 250878), (8, 21), (8, 250878), (9, 21), (9, 250878), (10, 21), (10, 250878), (11, 19), (11, 21), (11, 250878), (12, 19), (12, 21), (12, 250878)]
Send data: [(0, 23), (1, 250878), (2, 250878), (3, 250878), (4, 250878), (4, 250878), (5, 250878), (6, 250878), (7, 250878), (8, 250878), (9, 250878), (10, 250878), (11, 250878), (11, 250878), (12, 250878), (12, 250878)]
Strategies (if used): []


Information from Client_3:

Signals: ['Update', 'Update', 'Update', 'Skip', 'Update', 'Skip', 'Skip', 'Skip', 'Update', 'Skip', 'Update', 'Skip', 'Update', 'Skip', 'Update', 'Finish', None]
Data distribution: [(0, 316), (1, 305), (2, 338), (3, 322), (4, 322), (5, 316), (6, 376), (7, 343), (8, 326), (9, 369)]
Accuracy: [0.15811581158115812, 0.1335133513351335, 0.21392139213921393, 0.1782178217821782, 0.25112511251125114, 0.2625262526252625, 0.23582358235823583, 0.23372337233723373, 0.2751275127512751, 0.3264326432643264, 0.35253525352535253, 0.38073807380738073, 0.37863786378637865, 0.43984398439843986, 0.45604560456045606, 0.4446444644464446, 0.45934593459345935, 0.5151515151515151, 0.48064806480648065, 0.5097509750975098, 0.5406540654065407, 0.4377437743774377, 0.48484848484848486, 0.5472547254725473]
Loss: [2.284742593765259, 2.240755724457075, 2.1300404386700325, 2.1502503314108217, 2.0304104854475775, 1.9661640221217893, 2.0593149796971737, 2.0446597067814953, 1.9676639966244966, 1.8297603535202314, 1.7795149447782985, 1.6566660359220684, 1.729519763082828, 1.5348613217191875, 1.507741147617124, 1.5330149947472338, 1.4631646961536047, 1.347005548342219, 1.4051100555455909, 1.356745353284872, 1.243104097978124, 1.5487950230544467, 1.4176183376672133, 1.2234136304765377]
Received data: [(0, 22), (0, 26815), (0, 612), (0, 252585), (0, 21), (0, 250878), (1, 21), (1, 250878), (2, 21), (2, 250878), (3, 19), (3, 21), (3, 250878), (4, 19), (4, 19), (4, 19), (4, 21), (4, 250878), (5, 19), (5, 21), (5, 250878), (6, 19), (6, 21), (6, 250878), (7, 19), (7, 21), (7, 250878), (8, 21), (8, 250878)]
Send data: [(0, 23), (1, 250878), (2, 250878), (3, 250878), (3, 250878), (4, 250878), (4, 250878), (4, 250878), (4, 250878), (5, 250878), (5, 250878), (6, 250878), (6, 250878), (7, 250878), (7, 250878), (8, 250878)]
Strategies (if used): []


Information from Client_2:

Signals: ['Skip', 'Skip', 'Skip', 'Update', 'Update', 'Update', 'Update', 'Update', 'Skip', 'Update', 'Skip', 'Update', 'Update', 'Update', 'Update', 'Finish', None]
Data distribution: [(0, 342), (1, 330), (2, 356), (3, 344), (4, 322), (5, 330), (6, 335), (7, 332), (8, 311), (9, 331)]
Accuracy: [0.20882088208820881, 0.3138313831383138, 0.28412841284128415, 0.2808280828082808, 0.2994299429942994, 0.3114311431143114, 0.34863486348634865, 0.3639363936393639, 0.33723372337233726, 0.39123912391239124, 0.40234023402340235, 0.36543654365436545, 0.41224122412241226, 0.4239423942394239, 0.46384638463846384, 0.42304230423042305, 0.45784578457845787, 0.47584758475847583, 0.465946594659466, 0.5214521452145214, 0.5313531353135313, 0.495949594959496, 0.47584758475847583, 0.5298529852985299, 0.48934893489348935, 0.4815481548154815, 0.5352535253525352, 0.5337533753375338, 0.5778577857785778, 0.5520552055205521]
Loss: [2.041471348618561, 1.8376636505126953, 1.9246320791964262, 1.9221378519849956, 1.8976878287657253, 1.8288006850008696, 1.778518091957524, 1.7061024229481536, 1.7574007398677323, 1.6471619021217778, 1.6378760630229734, 1.9677173708969693, 1.6229916900958654, 1.5640658702490464, 1.477518434794444, 1.5723340263906516, 1.5000073797297928, 1.4893183798160192, 1.4674494918787255, 1.3438873707123522, 1.2908077116282481, 1.411476675069557, 1.4500694567302488, 1.2759417497886802, 1.4132213637513935, 1.4261013269424438, 1.2710656298781342, 1.317108451195483, 1.17514790116616, 1.250302664513858]
Received data: [(0, 22), (0, 26815), (0, 612), (0, 252585), (0, 19), (0, 19), (0, 19), (0, 21), (0, 250878), (1, 21), (1, 250878), (2, 21), (2, 250878), (3, 21), (3, 250878), (4, 21), (4, 250878), (5, 19), (5, 21), (5, 250878), (6, 19), (6, 21), (6, 250878), (7, 21), (7, 250878), (8, 21), (8, 250878), (9, 21), (9, 250878), (10, 21), (10, 250878)]
Send data: [(0, 23), (0, 250878), (0, 250878), (0, 250878), (1, 250878), (2, 250878), (3, 250878), (4, 250878), (5, 250878), (5, 250878), (6, 250878), (6, 250878), (7, 250878), (8, 250878), (9, 250878), (10, 250878)]
Strategies (if used): []


Duration: 351 minutes 35 seconds
