The following training was conducted:

C: 0.8
K: 3
R: 2
E: 3
B: 64
optimizer: <class 'torch.optim.adam.Adam'>
criterion: CrossEntropyLoss()
lr: 0.01
data_name: CIFAR10
iid: True
shards_each: 2
ternary: False
personalized: False
model: <class 'models.Net_4'>
LESS_DATA: 100
SERVER_TEST_SIZE: 100
SERVER_TRAIN_SIZE: 100


Information from Server:

Accuracy: [0.15, 0.08]
Loss: [2.281410813331604, 2.3332117795944214]
Received data: [(1, 23), (1, 23), (1, 23), (2, 250910), (2, 250910), (2, 250910), (3, 250910), (3, 250910), (3, 250910)]
Send data: [(1, 22), (1, 414), (1, 612), (1, 252617), (1, 22), (1, 414), (1, 612), (1, 252617), (1, 22), (1, 414), (1, 612), (1, 252617), (2, 21), (2, 21), (2, 250910), (2, 250910), (2, 19), (3, 21), (3, 250910), (3, 21), (3, 19), (3, 250910), (3, 21), (3, 250910), (3, 21), (3, 250910), (3, 21), (3, 250910)]


Information from Client_2:

Signals: ['Skip', 'Skip', 'Finish', None]
Data distribution: [(0, 4), (1, 3), (2, 3), (3, 4), (4, 3), (5, 3), (6, 5), (7, 1), (8, 3), (9, 4)]
Accuracy: []
Loss: []
Received data: [(0, 22), (0, 414), (0, 612), (0, 252617), (0, 19), (0, 19), (0, 21), (0, 250910)]
Send data: [(0, 23), (0, 250910), (0, 250910)]
Strategies (if used): []


Information from Client_1:

Signals: ['Update', 'Update', 'Finish', None]
Data distribution: [(0, 3), (1, 4), (2, 2), (3, 5), (4, 5), (5, 2), (6, 3), (7, 3), (8, 2), (9, 4)]
Accuracy: [0.15151515151515152, 0.12121212121212122, 0.18181818181818182, 0.2727272727272727, 0.18181818181818182, 0.12121212121212122]
Loss: [2.208117723464966, 2.2527945041656494, 2.189997434616089, 2.0141258239746094, 4.070958137512207, 2.285107374191284]
Received data: [(0, 22), (0, 414), (0, 612), (0, 252617), (0, 21), (0, 250910), (1, 21), (1, 250910), (2, 21), (2, 250910)]
Send data: [(0, 23), (1, 250910), (2, 250910)]
Strategies (if used): []


Information from Client_3:

Signals: ['Update', 'Update', 'Finish', None]
Data distribution: [(0, 2), (1, 1), (2, 3), (3, 5), (4, 3), (5, 3), (6, 2), (7, 4), (8, 4), (9, 6)]
Accuracy: [0.18181818181818182, 0.2727272727272727, 0.3939393939393939, 0.30303030303030304, 0.2727272727272727, 0.09090909090909091]
Loss: [2.137984037399292, 2.09415340423584, 1.7304226160049438, 2.1244072914123535, 2.249023675918579, 2.2902956008911133]
Received data: [(0, 22), (0, 414), (0, 612), (0, 252617), (0, 21), (0, 250910), (1, 21), (1, 250910), (2, 21), (2, 250910)]
Send data: [(0, 23), (1, 250910), (2, 250910)]
Strategies (if used): []


Duration: 0 minutes 25 seconds
