The following training was conducted:

C: 0.8
K: 3
R: 50
E: 3
B: 64
optimizer: <class 'torch.optim.adam.Adam'>
criterion: CrossEntropyLoss()
lr: 0.01
data_name: MNIST
shards_each: 2
ternary: False
personalized: False
iid: True
model: <class 'models.Net_2'>
LESS_DATA: 1000
SERVER_TEST_SIZE: 1000
SERVER_TRAIN_SIZE: 100


Information from Server:

Accuracy: [0.8, 0.92, 0.96, 0.99, 1.0, 0.99, 0.98, 1.0, 1.0, 1.0, 0.98, 1.0, 0.99, 1.0, 1.0, 0.98, 0.98, 0.99, 0.99, 0.99, 0.98, 0.99, 0.98, 0.99, 0.99, 0.98, 0.98, 0.99, 0.98, 0.98, 0.98, 0.98, 0.98, 0.98, 0.98, 0.97, 0.97, 0.97, 0.97, 0.99, 0.98, 0.98, 0.98, 0.98, 0.98, 0.98, 0.98, 0.98, 0.98, 0.98]
Loss: [0.9585568606853485, 0.42272864282131195, 0.09610099345445633, 0.041495541110634804, 0.017190222162753344, 0.015096154995262623, 0.01916003308724612, 0.007123276358470321, 0.00484105758368969, 0.0015753991538076662, 0.015262922621332109, 0.0050556042697280645, 0.017605117231141776, 0.007586808176711202, 0.002001592656597495, 0.0676922770217061, 0.014804108301177621, 0.008265516769824899, 0.11129130009147814, 0.04803163202541327, 0.12625767663121223, 0.3274100886192173, 0.18210669979453087, 0.12202131061417276, 0.4323437345349248, 0.13956786692142487, 0.14789299998018435, 0.05307685770094395, 0.25881584733724594, 0.5613539218902588, 0.46513059735298157, 0.41591737419366837, 0.35257256031036377, 0.35265982896089554, 0.39177433773875237, 0.21850838139653206, 0.31944965571165085, 0.19945313408970833, 0.13932515867054462, 0.10592323774471879, 0.12673847850237507, 0.21740577230229974, 0.12755592091707513, 0.12808556686917427, 0.12957808704061335, 0.22332564741373062, 0.22455859649926424, 0.13223297630611341, 0.1319818986376049, 0.22591169830411673]
Received data: [(1, 23), (1, 23), (1, 23), (2, 117895), (2, 117895), (2, 117895), (3, 117895), (3, 117895), (3, 117895), (4, 117895), (4, 117895), (4, 117895), (5, 117895), (5, 117895), (5, 117895), (6, 117895), (6, 117895), (6, 117895), (7, 117895), (7, 117895), (7, 117895), (8, 117895), (8, 117895), (8, 117895), (9, 117895), (9, 117895), (9, 117895), (10, 117895), (10, 117895), (10, 117895), (11, 117895), (11, 117895), (11, 117895), (12, 117895), (12, 117895), (12, 117895), (13, 117895), (13, 117895), (13, 117895), (14, 117895), (14, 117895), (14, 117895), (15, 117895), (15, 117895), (15, 117895), (16, 117895), (16, 117895), (16, 117895), (17, 117895), (17, 117895), (17, 117895), (18, 117895), (18, 117895), (18, 117895), (19, 117895), (19, 117895), (19, 117895), (20, 117895), (20, 117895), (20, 117895), (21, 117895), (21, 117895), (21, 117895), (22, 117895), (22, 117895), (22, 117895), (23, 117895), (23, 117895), (23, 117895), (24, 117895), (24, 117895), (24, 117895), (25, 117895), (25, 117895), (25, 117895), (26, 117895), (26, 117895), (26, 117895), (27, 117895), (27, 117895), (27, 117895), (28, 117895), (28, 117895), (28, 117895), (29, 117895), (29, 117895), (29, 117895), (30, 117895), (30, 117895), (30, 117895), (31, 117895), (31, 117895), (31, 117895), (32, 117895), (32, 117895), (32, 117895), (33, 117895), (33, 117895), (33, 117895), (34, 117895), (34, 117895), (34, 117895), (35, 117895), (35, 117895), (35, 117895), (36, 117895), (36, 117895), (36, 117895), (37, 117895), (37, 117895), (37, 117895), (38, 117895), (38, 117895), (38, 117895), (39, 117895), (39, 117895), (39, 117895), (40, 117895), (40, 117895), (40, 117895), (41, 117895), (41, 117895), (41, 117895), (42, 117895), (42, 117895), (42, 117895), (43, 117895), (43, 117895), (43, 117895), (44, 117895), (44, 117895), (44, 117895), (45, 117895), (45, 117895), (45, 117895), (46, 117895), (46, 117895), (46, 117895), (47, 117895), (47, 117895), (47, 117895), (48, 117895), (48, 117895), (48, 117895), (49, 117895), (49, 117895), (49, 117895), (50, 117895), (50, 117895), (50, 117895), (51, 117895), (51, 117895), (51, 117895)]
Send data: [(1, 20), (1, 2815), (1, 610), (1, 119444), (1, 20), (1, 2815), (1, 610), (1, 119444), (1, 20), (1, 2815), (1, 610), (1, 119444), (2, 19), (2, 21), (2, 21), (2, 117895), (2, 117895), (3, 19), (3, 21), (3, 117895), (3, 21), (3, 117895), (4, 21), (4, 21), (4, 19), (4, 117895), (4, 117895), (5, 21), (5, 19), (5, 21), (5, 117895), (5, 117895), (6, 21), (6, 21), (6, 19), (6, 117895), (6, 117895), (7, 19), (7, 21), (7, 21), (7, 117895), (7, 117895), (8, 21), (8, 21), (8, 117895), (8, 19), (8, 117895), (9, 19), (9, 21), (9, 21), (9, 117895), (9, 117895), (10, 19), (10, 21), (10, 21), (10, 117895), (10, 117895), (11, 21), (11, 19), (11, 21), (11, 117895), (11, 117895), (12, 21), (12, 21), (12, 19), (12, 117895), (12, 117895), (13, 19), (13, 21), (13, 21), (13, 117895), (13, 117895), (14, 19), (14, 21), (14, 21), (14, 117895), (14, 117895), (15, 21), (15, 21), (15, 19), (15, 117895), (15, 117895), (16, 19), (16, 21), (16, 21), (16, 117895), (16, 117895), (17, 21), (17, 19), (17, 21), (17, 117895), (17, 117895), (18, 21), (18, 21), (18, 19), (18, 117895), (18, 117895), (19, 21), (19, 19), (19, 21), (19, 117895), (19, 117895), (20, 19), (20, 21), (20, 21), (20, 117895), (20, 117895), (21, 19), (21, 21), (21, 21), (21, 117895), (21, 117895), (22, 21), (22, 21), (22, 19), (22, 117895), (22, 117895), (23, 21), (23, 19), (23, 21), (23, 117895), (23, 117895), (24, 19), (24, 21), (24, 21), (24, 117895), (24, 117895), (25, 19), (25, 21), (25, 21), (25, 117895), (25, 117895), (26, 21), (26, 21), (26, 117895), (26, 19), (26, 117895), (27, 19), (27, 21), (27, 21), (27, 117895), (27, 117895), (28, 21), (28, 21), (28, 19), (28, 117895), (28, 117895), (29, 21), (29, 21), (29, 19), (29, 117895), (29, 117895), (30, 21), (30, 21), (30, 19), (30, 117895), (30, 117895), (31, 19), (31, 21), (31, 21), (31, 117895), (31, 117895), (32, 21), (32, 21), (32, 19), (32, 117895), (32, 117895), (33, 19), (33, 21), (33, 21), (33, 117895), (33, 117895), (34, 19), (34, 21), (34, 21), (34, 117895), (34, 117895), (35, 21), (35, 19), (35, 21), (35, 117895), (35, 117895), (36, 21), (36, 19), (36, 21), (36, 117895), (36, 117895), (37, 21), (37, 19), (37, 21), (37, 117895), (37, 117895), (38, 19), (38, 21), (38, 21), (38, 117895), (38, 117895), (39, 19), (39, 21), (39, 21), (39, 117895), (39, 117895), (40, 19), (40, 21), (40, 21), (40, 117895), (40, 117895), (41, 21), (41, 21), (41, 19), (41, 117895), (41, 117895), (42, 21), (42, 19), (42, 21), (42, 117895), (42, 117895), (43, 21), (43, 19), (43, 21), (43, 117895), (43, 117895), (44, 19), (44, 21), (44, 21), (44, 117895), (44, 117895), (45, 19), (45, 21), (45, 117895), (45, 21), (45, 117895), (46, 21), (46, 21), (46, 19), (46, 117895), (46, 117895), (47, 19), (47, 21), (47, 21), (47, 117895), (47, 117895), (48, 21), (48, 19), (48, 21), (48, 117895), (48, 117895), (49, 21), (49, 21), (49, 19), (49, 117895), (49, 117895), (50, 21), (50, 19), (50, 21), (50, 117895), (50, 117895), (51, 21), (51, 21), (51, 19), (51, 117895), (51, 117895), (51, 21), (51, 117895), (51, 21), (51, 117895), (51, 21), (51, 117895)]


Information from Client_3:

Signals: ['Update', 'Update', 'Skip', 'Update', 'Skip', 'Update', 'Skip', 'Update', 'Update', 'Update', 'Skip', 'Update', 'Update', 'Skip', 'Update', 'Update', 'Skip', 'Update', 'Update', 'Update', 'Skip', 'Update', 'Update', 'Update', 'Skip', 'Update', 'Skip', 'Skip', 'Skip', 'Update', 'Skip', 'Update', 'Update', 'Update', 'Update', 'Update', 'Update', 'Update', 'Update', 'Skip', 'Update', 'Update', 'Update', 'Update', 'Skip', 'Update', 'Update', 'Skip', 'Update', 'Skip', 'Finish', None]
Data distribution: [(0, 30), (1, 34), (2, 42), (3, 28), (4, 40), (5, 31), (6, 24), (7, 32), (8, 37), (9, 35)]
Accuracy: [0.3003003003003003, 0.7207207207207207, 0.8738738738738738, 0.8828828828828829, 0.933933933933934, 0.93993993993994, 0.972972972972973, 0.990990990990991, 0.990990990990991, 0.996996996996997, 1.0, 1.0, 0.984984984984985, 0.996996996996997, 0.996996996996997, 0.996996996996997, 0.987987987987988, 1.0, 0.990990990990991, 0.972972972972973, 0.996996996996997, 1.0, 0.993993993993994, 0.987987987987988, 0.984984984984985, 1.0, 1.0, 1.0, 0.996996996996997, 0.996996996996997, 0.993993993993994, 0.996996996996997, 1.0, 0.996996996996997, 1.0, 1.0, 1.0, 1.0, 0.993993993993994, 0.996996996996997, 1.0, 0.990990990990991, 1.0, 1.0, 1.0, 1.0, 1.0, 0.987987987987988, 1.0, 1.0, 1.0, 1.0, 1.0, 0.993993993993994, 1.0, 1.0, 1.0, 1.0, 1.0, 1.0, 1.0, 1.0, 1.0, 1.0, 1.0, 1.0, 1.0, 1.0, 1.0, 1.0, 1.0, 1.0, 0.9819819819819819, 1.0, 1.0, 1.0, 1.0, 1.0, 1.0, 1.0, 1.0, 1.0, 1.0, 1.0, 1.0, 1.0, 1.0, 1.0, 1.0, 1.0, 1.0, 1.0, 1.0, 1.0, 1.0, 1.0, 1.0, 1.0, 1.0, 1.0, 1.0, 1.0]
Loss: [1.7191076278686523, 0.7777621746063232, 0.34523604810237885, 0.4338385909795761, 0.2507376968860626, 0.13859096728265285, 0.07413552918781836, 0.03667656208078066, 0.02039252989925444, 0.027809463286151487, 0.012415619741659611, 0.002642316040388929, 0.041035131473715104, 0.016647733204687636, 0.021569116041064262, 0.0033196809818036854, 0.0129395740768814, 0.0004012083099951269, 0.025523732726772625, 0.06504997668222738, 0.007286277068487834, 0.001162286145699909, 0.005120681784186824, 0.03172982115089932, 0.054969174903817475, 0.002483214729484947, 0.00104526364642273, 0.0007875853225390491, 0.0023779075384974626, 0.014228765494863183, 0.017246536941911472, 0.0037956729344538567, 0.0005354530925008779, 0.08175711113952773, 0.0004033250534215919, 0.0009196565060847206, 1.83191614784306e-05, 0.00018712259982578416, 0.03411508318760662, 0.009675351732639115, 0.0002876066247474718, 0.04113095812564893, 0.0002634484379816134, 3.012439030077492e-07, 0.000492514181606396, 0.002031816830417125, 1.7011626329832552e-07, 0.06287622439291833, 2.7348746643266847e-07, 6.42568670846296e-07, 0.00016686977771002143, 1.533533596405808e-07, 0.0014154359896229225, 0.013247241302224063, 1.1796729963246358e-08, 1.8626448346677667e-09, 6.848568348988282e-05, 7.761016385110509e-09, 0.0, 0.0, 0.0, 0.0, 0.0, 0.0, 0.0, 0.0, 0.0, 0.0, 0.0, 2.173085119257697e-09, 0.0, 8.386748959219685e-05, 0.1805340164532936, 0.00016615385258470874, 9.745414648894742e-05, 0.0, 0.0, 0.0, 0.0, 0.0, 0.0, 0.0, 0.0, 0.0, 0.0, 0.0, 0.0, 0.0, 0.0, 0.0, 0.0, 0.0, 0.0, 0.0, 0.0, 0.0, 0.0, 0.0, 0.0, 0.0, 0.0, 0.0]
Received data: [(0, 20), (0, 2815), (0, 610), (0, 119444), (0, 21), (0, 117895), (1, 21), (1, 117895), (2, 19), (2, 21), (2, 117895), (3, 19), (3, 21), (3, 117895), (4, 19), (4, 21), (4, 117895), (5, 21), (5, 117895), (6, 21), (6, 117895), (7, 19), (7, 21), (7, 117895), (8, 21), (8, 117895), (9, 19), (9, 21), (9, 117895), (10, 21), (10, 117895), (11, 19), (11, 21), (11, 117895), (12, 21), (12, 117895), (13, 21), (13, 117895), (14, 19), (14, 21), (14, 117895), (15, 21), (15, 117895), (16, 21), (16, 117895), (17, 19), (17, 21), (17, 117895), (18, 19), (18, 19), (18, 19), (18, 21), (18, 117895), (19, 19), (19, 21), (19, 117895), (20, 21), (20, 117895), (21, 21), (21, 117895), (22, 21), (22, 117895), (23, 21), (23, 117895), (24, 21), (24, 117895), (25, 21), (25, 117895), (26, 21), (26, 117895), (27, 19), (27, 21), (27, 117895), (28, 21), (28, 117895), (29, 21), (29, 117895), (30, 21), (30, 117895), (31, 19), (31, 21), (31, 117895), (32, 21), (32, 117895), (33, 19), (33, 21), (33, 117895), (34, 19), (34, 21), (34, 117895)]
Send data: [(0, 23), (1, 117895), (2, 117895), (2, 117895), (3, 117895), (3, 117895), (4, 117895), (4, 117895), (5, 117895), (6, 117895), (7, 117895), (7, 117895), (8, 117895), (9, 117895), (9, 117895), (10, 117895), (11, 117895), (11, 117895), (12, 117895), (13, 117895), (14, 117895), (14, 117895), (15, 117895), (16, 117895), (17, 117895), (17, 117895), (18, 117895), (18, 117895), (18, 117895), (18, 117895), (19, 117895), (19, 117895), (20, 117895), (21, 117895), (22, 117895), (23, 117895), (24, 117895), (25, 117895), (26, 117895), (27, 117895), (27, 117895), (28, 117895), (29, 117895), (30, 117895), (31, 117895), (31, 117895), (32, 117895), (33, 117895), (33, 117895), (34, 117895), (34, 117895)]
Strategies (if used): []


Information from Client_2:

Signals: ['Update', 'Update', 'Update', 'Skip', 'Update', 'Update', 'Update', 'Update', 'Update', 'Skip', 'Update', 'Update', 'Update', 'Update', 'Update', 'Skip', 'Update', 'Skip', 'Update', 'Update', 'Update', 'Skip', 'Update', 'Update', 'Update', 'Update', 'Update', 'Update', 'Update', 'Update', 'Update', 'Update', 'Update', 'Skip', 'Skip', 'Skip', 'Update', 'Update', 'Update', 'Update', 'Skip', 'Skip', 'Update', 'Update', 'Update', 'Update', 'Skip', 'Update', 'Skip', 'Update', 'Finish', None]
Data distribution: [(0, 34), (1, 36), (2, 38), (3, 37), (4, 28), (5, 23), (6, 27), (7, 40), (8, 32), (9, 38)]
Accuracy: [0.4624624624624625, 0.6696696696696697, 0.8108108108108109, 0.8348348348348348, 0.93993993993994, 0.960960960960961, 0.8798798798798799, 0.9519519519519519, 0.987987987987988, 0.933933933933934, 0.972972972972973, 0.990990990990991, 0.990990990990991, 0.990990990990991, 0.993993993993994, 0.978978978978979, 1.0, 1.0, 0.996996996996997, 0.987987987987988, 1.0, 1.0, 0.993993993993994, 1.0, 0.993993993993994, 0.987987987987988, 1.0, 1.0, 0.990990990990991, 1.0, 0.996996996996997, 0.9819819819819819, 0.996996996996997, 0.984984984984985, 1.0, 1.0, 1.0, 1.0, 1.0, 0.996996996996997, 0.9819819819819819, 0.996996996996997, 0.9819819819819819, 0.993993993993994, 1.0, 0.996996996996997, 1.0, 1.0, 1.0, 0.996996996996997, 0.996996996996997, 1.0, 0.996996996996997, 0.990990990990991, 0.984984984984985, 1.0, 0.987987987987988, 0.993993993993994, 0.990990990990991, 1.0, 1.0, 0.987987987987988, 1.0, 1.0, 1.0, 1.0, 1.0, 1.0, 1.0, 1.0, 1.0, 1.0, 1.0, 1.0, 1.0, 0.978978978978979, 1.0, 1.0, 1.0, 1.0, 1.0, 1.0, 1.0, 0.993993993993994, 1.0, 1.0, 1.0, 1.0, 1.0, 1.0, 1.0, 1.0, 1.0, 1.0, 1.0, 1.0, 1.0, 1.0, 1.0, 1.0, 1.0, 1.0, 1.0, 1.0, 1.0, 1.0, 1.0, 1.0, 1.0, 1.0, 1.0, 1.0, 1.0, 1.0]
Loss: [1.9353312651316326, 1.1292421221733093, 0.5616660863161087, 0.4480086863040924, 0.18178540716568628, 0.12383837687472503, 0.3547837734222412, 0.16462641830245653, 0.07302937284111977, 0.1690176042417685, 0.08807598489026229, 0.026283525648371626, 0.0334203007320563, 0.026557317934930325, 0.018702884204685688, 0.07384311454370618, 0.00640157621819526, 0.004175643941077094, 0.0045920010791936266, 0.030995046719908714, 0.014669579608986775, 0.002440068007369215, 0.016082340929036338, 0.0016650214699135784, 0.009797575861133131, 0.07472201082055108, 0.0013018020597428404, 0.0018061654336634092, 0.03847759426571429, 0.003392904249873633, 0.004995472937650902, 0.02960837910488105, 0.00821176029421622, 0.06093548975574473, 0.004432168242108976, 3.325986601510067e-05, 0.0003086576789996798, 3.7390292706144614e-05, 9.723595626217237e-05, 0.023350321361533588, 0.0977377237573478, 0.009053200198801884, 0.07217089597907034, 0.0070438037171480046, 8.112589197869131e-05, 0.009858240242886987, 0.0011137364531919047, 0.0004157185003350605, 0.00018568881894626132, 0.0030874924747514854, 0.005982126909505799, 1.3907682231787769e-07, 0.006933124908304815, 0.027260080680662213, 0.10152617935913592, 3.7250582707315516e-07, 0.04160810109274582, 0.04387958320632842, 0.056327674995524525, 1.639104235673372e-07, 1.4994005207806063e-07, 0.1549829057767056, 1.2417631367611648e-09, 9.313224265857419e-10, 0.0, 6.04979087844478e-07, 1.4280240397586871e-08, 3.1044083970144243e-10, 1.1350374068778517e-06, 0.0, 0.0, 0.0, 2.173085618858058e-09, 0.0, 3.1044083970144243e-10, 0.19974872454986325, 1.1133404396919862e-06, 0.0004524489243265724, 1.5522038469365877e-09, 0.0, 0.00010131332480036355, 3.1044083970144243e-10, 0.0, 0.03514612001405304, 5.836224181710037e-08, 4.403508396440732e-06, 0.0008089141380661266, 3.0949117518774827e-07, 0.0, 4.746745071078825e-05, 0.0, 0.0, 0.0, 0.0, 0.0, 0.0, 0.0, 0.0, 0.0, 0.0, 0.0, 0.0, 0.0, 0.0, 0.0, 0.0, 0.0, 0.0, 0.0, 0.0, 0.0, 0.0, 0.0, 0.0]
Received data: [(0, 20), (0, 2815), (0, 610), (0, 119444), (0, 21), (0, 117895), (1, 21), (1, 117895), (2, 21), (2, 117895), (3, 19), (3, 21), (3, 117895), (4, 21), (4, 117895), (5, 21), (5, 117895), (6, 21), (6, 117895), (7, 21), (7, 117895), (8, 19), (8, 21), (8, 117895), (9, 21), (9, 117895), (10, 21), (10, 117895), (11, 21), (11, 117895), (12, 21), (12, 117895), (13, 19), (13, 21), (13, 117895), (14, 19), (14, 21), (14, 117895), (15, 21), (15, 117895), (16, 21), (16, 117895), (17, 19), (17, 21), (17, 117895), (18, 21), (18, 117895), (19, 21), (19, 117895), (20, 21), (20, 117895), (21, 21), (21, 117895), (22, 21), (22, 117895), (23, 21), (23, 117895), (24, 21), (24, 117895), (25, 21), (25, 117895), (26, 21), (26, 117895), (27, 21), (27, 117895), (28, 19), (28, 19), (28, 19), (28, 21), (28, 117895), (29, 21), (29, 117895), (30, 21), (30, 117895), (31, 21), (31, 117895), (32, 19), (32, 19), (32, 21), (32, 117895), (33, 21), (33, 117895), (34, 21), (34, 117895), (35, 21), (35, 117895), (36, 19), (36, 21), (36, 117895), (37, 19), (37, 21), (37, 117895), (38, 21), (38, 117895)]
Send data: [(0, 23), (1, 117895), (2, 117895), (3, 117895), (3, 117895), (4, 117895), (5, 117895), (6, 117895), (7, 117895), (8, 117895), (8, 117895), (9, 117895), (10, 117895), (11, 117895), (12, 117895), (13, 117895), (13, 117895), (14, 117895), (14, 117895), (15, 117895), (16, 117895), (17, 117895), (17, 117895), (18, 117895), (19, 117895), (20, 117895), (21, 117895), (22, 117895), (23, 117895), (24, 117895), (25, 117895), (26, 117895), (27, 117895), (28, 117895), (28, 117895), (28, 117895), (28, 117895), (29, 117895), (30, 117895), (31, 117895), (32, 117895), (32, 117895), (32, 117895), (33, 117895), (34, 117895), (35, 117895), (36, 117895), (36, 117895), (37, 117895), (37, 117895), (38, 117895)]
Strategies (if used): []


Information from Client_1:

Signals: ['Skip', 'Skip', 'Update', 'Update', 'Update', 'Skip', 'Update', 'Skip', 'Skip', 'Update', 'Update', 'Skip', 'Skip', 'Update', 'Skip', 'Update', 'Update', 'Update', 'Skip', 'Skip', 'Update', 'Update', 'Skip', 'Skip', 'Update', 'Skip', 'Update', 'Update', 'Update', 'Skip', 'Update', 'Skip', 'Skip', 'Update', 'Update', 'Update', 'Skip', 'Skip', 'Skip', 'Update', 'Update', 'Update', 'Skip', 'Skip', 'Update', 'Skip', 'Update', 'Update', 'Update', 'Update', 'Finish', None]
Data distribution: [(0, 29), (1, 35), (2, 33), (3, 39), (4, 32), (5, 30), (6, 34), (7, 44), (8, 26), (9, 31)]
Accuracy: [0.8648648648648649, 0.963963963963964, 0.990990990990991, 0.948948948948949, 0.9819819819819819, 1.0, 0.987987987987988, 1.0, 1.0, 0.963963963963964, 0.993993993993994, 0.993993993993994, 0.972972972972973, 0.996996996996997, 1.0, 0.975975975975976, 0.990990990990991, 0.996996996996997, 0.987987987987988, 1.0, 0.996996996996997, 1.0, 0.984984984984985, 0.996996996996997, 0.987987987987988, 0.993993993993994, 1.0, 1.0, 0.978978978978979, 1.0, 0.996996996996997, 1.0, 0.993993993993994, 1.0, 1.0, 0.996996996996997, 0.978978978978979, 0.993993993993994, 0.996996996996997, 1.0, 1.0, 1.0, 1.0, 1.0, 1.0, 1.0, 1.0, 0.996996996996997, 1.0, 1.0, 1.0, 1.0, 1.0, 1.0, 1.0, 1.0, 1.0, 0.996996996996997, 1.0, 1.0, 1.0, 1.0, 1.0, 1.0, 1.0, 1.0, 1.0, 1.0, 1.0, 1.0, 1.0, 1.0, 1.0, 1.0, 1.0, 1.0, 1.0, 1.0, 1.0, 1.0, 1.0, 1.0, 1.0, 1.0]
Loss: [0.3718531976143519, 0.11420953087508678, 0.061940024296442665, 0.150024293611447, 0.056979007398088775, 0.01607011743665983, 0.0438872785307467, 0.019214882360150416, 0.007333450950682163, 0.11361368124683698, 0.032277061235314854, 0.017796318900461, 0.1415907572954893, 0.015498071365679303, 0.00903729127215532, 0.059274958838159364, 0.01595603703026427, 0.006113641905055071, 0.016843067326893408, 0.001520003012520495, 0.0040206732352695935, 0.0003235751347029729, 0.06617132408670538, 0.02067455102716546, 0.059579691383333966, 0.06405873434262806, 0.0016329422153944506, 2.3278592044799023e-05, 0.12250056614225475, 0.0015732026698363673, 0.005398285104395957, 0.00028871983175804417, 0.034372622117743244, 0.004124943533194407, 4.995648401617814e-07, 0.004599677134510927, 0.17448425370700185, 0.057570292333059214, 0.00645373848734702, 3.7754206871909446e-08, 1.8626446866380302e-09, 2.7939662435490695e-09, 2.980217996458497e-08, 1.4187696526872054e-05, 9.313224820968932e-10, 3.1044068056947558e-09, 1.7384638025437955e-08, 0.0594151463651779, 0.0, 0.0, 0.0, 0.0, 0.0, 0.0, 0.0, 0.0, 0.0, 0.032871350956456734, 4.035727900012868e-09, 0.004123915844652141, 0.0, 8.07144987883627e-09, 9.389649009324448e-05, 0.0, 0.0, 0.0, 0.0, 0.0, 0.0, 0.0, 0.0, 0.0, 0.0, 0.0, 0.0, 0.0, 0.0, 0.0, 0.0, 0.0, 0.0, 0.0, 0.0, 0.0]
Received data: [(0, 20), (0, 2815), (0, 610), (0, 119444), (0, 19), (0, 19), (0, 21), (0, 117895), (1, 21), (1, 117895), (2, 21), (2, 117895), (3, 19), (3, 21), (3, 117895), (4, 19), (4, 19), (4, 21), (4, 117895), (5, 21), (5, 117895), (6, 19), (6, 19), (6, 21), (6, 117895), (7, 19), (7, 21), (7, 117895), (8, 21), (8, 117895), (9, 21), (9, 117895), (10, 19), (10, 19), (10, 21), (10, 117895), (11, 21), (11, 117895), (12, 19), (12, 19), (12, 21), (12, 117895), (13, 19), (13, 21), (13, 117895), (14, 21), (14, 117895), (15, 21), (15, 117895), (16, 19), (16, 21), (16, 117895), (17, 19), (17, 19), (17, 21), (17, 117895), (18, 21), (18, 117895), (19, 21), (19, 117895), (20, 19), (20, 19), (20, 19), (20, 21), (20, 117895), (21, 21), (21, 117895), (22, 21), (22, 117895), (23, 19), (23, 19), (23, 21), (23, 117895), (24, 19), (24, 21), (24, 117895), (25, 21), (25, 117895), (26, 21), (26, 117895), (27, 21), (27, 117895), (28, 21), (28, 117895)]
Send data: [(0, 23), (0, 117895), (0, 117895), (1, 117895), (2, 117895), (3, 117895), (3, 117895), (4, 117895), (4, 117895), (4, 117895), (5, 117895), (6, 117895), (6, 117895), (6, 117895), (7, 117895), (7, 117895), (8, 117895), (9, 117895), (10, 117895), (10, 117895), (10, 117895), (11, 117895), (12, 117895), (12, 117895), (12, 117895), (13, 117895), (13, 117895), (14, 117895), (15, 117895), (16, 117895), (16, 117895), (17, 117895), (17, 117895), (17, 117895), (18, 117895), (19, 117895), (20, 117895), (20, 117895), (20, 117895), (20, 117895), (21, 117895), (22, 117895), (23, 117895), (23, 117895), (23, 117895), (24, 117895), (24, 117895), (25, 117895), (26, 117895), (27, 117895), (28, 117895)]
Strategies (if used): []


Duration: 91 minutes 60 seconds
