The following training was conducted:

C: 0.8
K: 3
R: 50
E: 3
B: 64
optimizer: <class 'torch.optim.adam.Adam'>
criterion: CrossEntropyLoss()
lr: 0.01
data_name: MNIST
shards_each: 2
ternary: True
personalized: False
iid: True
model: <class 'models.Net_2_Q'>
LESS_DATA: 1000
SERVER_TEST_SIZE: 1000
SERVER_TRAIN_SIZE: 100


Information from Server:

Accuracy: [0.46, 0.71, 0.9, 0.89, 0.92, 0.92, 0.92, 0.95, 0.95, 0.94, 0.94, 0.96, 0.96, 0.96, 0.96, 0.95, 0.95, 0.96, 0.96, 0.96, 0.95, 0.96, 0.96, 0.96, 0.95, 0.96, 0.94, 0.95, 0.96, 0.95, 0.96, 0.96, 0.96, 0.97, 0.95, 0.97, 0.95, 0.96, 0.96, 0.95, 0.96, 0.96, 0.95, 0.95, 0.94, 0.96, 0.95, 0.94, 0.94, 0.95]
Loss: [2.2630869150161743, 1.1543200612068176, 0.578993171453476, 0.42601296305656433, 0.3910287320613861, 0.276094775646925, 0.2991328462958336, 0.3159778118133545, 0.2631075419485569, 0.43678101897239685, 0.33153562247753143, 0.40670768916606903, 0.2559449188411236, 0.3351883292198181, 0.379277728497982, 0.42804426699876785, 0.44445525854825974, 0.3829345107078552, 0.3165688058361411, 0.37106747925281525, 0.44367676973342896, 0.508563257753849, 0.43316934257745743, 0.4011224191635847, 0.4943981021642685, 0.6441761404275894, 0.4319968840572983, 0.5029499381780624, 0.3516804438550025, 0.5731671303510666, 0.6174495220184326, 0.45833849906921387, 0.371875393204391, 0.4778612107038498, 0.5461862832307816, 0.39937715232372284, 0.5087723881006241, 0.36247593513689935, 0.561077207326889, 0.47949282824993134, 0.3848504349589348, 0.5562821924686432, 0.4103604815900326, 0.6088705956935883, 0.695959597826004, 0.7971018832176924, 0.4704058135394007, 0.48331009573303163, 0.42678188579156995, 0.6909511387348175]
Received data: [(1, 23), (1, 23), (1, 23), (2, 117229), (2, 117229), (2, 117229), (3, 117229), (3, 117229), (3, 117229), (4, 117229), (4, 117229), (4, 117229), (5, 117229), (5, 117229), (5, 117229), (6, 117229), (6, 117229), (6, 117229), (7, 117229), (7, 117229), (7, 117229), (8, 117229), (8, 117229), (8, 117229), (9, 117229), (9, 117229), (9, 117229), (10, 117229), (10, 117229), (10, 117229), (11, 117229), (11, 117229), (11, 117229), (12, 117229), (12, 117229), (12, 117229), (13, 117229), (13, 117229), (13, 117229), (14, 117229), (14, 117229), (14, 117229), (15, 117229), (15, 117229), (15, 117229), (16, 117229), (16, 117229), (16, 117229), (17, 117229), (17, 117229), (17, 117229), (18, 117229), (18, 117229), (18, 117229), (19, 117229), (19, 117229), (19, 117229), (20, 117229), (20, 117229), (20, 117229), (21, 117229), (21, 117229), (21, 117229), (22, 117229), (22, 117229), (22, 117229), (23, 117229), (23, 117229), (23, 117229), (24, 117229), (24, 117229), (24, 117229), (25, 117229), (25, 117229), (25, 117229), (26, 117229), (26, 117229), (26, 117229), (27, 117229), (27, 117229), (27, 117229), (28, 117229), (28, 117229), (28, 117229), (29, 117229), (29, 117229), (29, 117229), (30, 117229), (30, 117229), (30, 117229), (31, 117229), (31, 117229), (31, 117229), (32, 117229), (32, 117229), (32, 117229), (33, 117229), (33, 117229), (33, 117229), (34, 117229), (34, 117229), (34, 117229), (35, 117229), (35, 117229), (35, 117229), (36, 117229), (36, 117229), (36, 117229), (37, 117229), (37, 117229), (37, 117229), (38, 117229), (38, 117229), (38, 117229), (39, 117229), (39, 117229), (39, 117229), (40, 117229), (40, 117229), (40, 117229), (41, 117229), (41, 117229), (41, 117229), (42, 117229), (42, 117229), (42, 117229), (43, 117229), (43, 117229), (43, 117229), (44, 117229), (44, 117229), (44, 117229), (45, 117229), (45, 117229), (45, 117229), (46, 117229), (46, 117229), (46, 117229), (47, 117229), (47, 117229), (47, 117229), (48, 117229), (48, 117229), (48, 117229), (49, 117229), (49, 117229), (49, 117229), (50, 117229), (50, 117229), (50, 117229), (51, 117229), (51, 117229), (51, 117229)]
Send data: [(1, 20), (1, 2815), (1, 610), (1, 118793), (1, 20), (1, 2815), (1, 610), (1, 118793), (1, 20), (1, 2815), (1, 610), (1, 118793), (2, 21), (2, 117229), (2, 21), (2, 117229), (2, 19), (3, 21), (3, 19), (3, 117229), (3, 21), (3, 117229), (4, 19), (4, 21), (4, 21), (4, 117229), (4, 117229), (5, 21), (5, 19), (5, 117229), (5, 21), (5, 117229), (6, 19), (6, 21), (6, 21), (6, 117229), (6, 117229), (7, 21), (7, 21), (7, 117229), (7, 19), (7, 117229), (8, 19), (8, 21), (8, 21), (8, 117229), (8, 117229), (9, 21), (9, 21), (9, 19), (9, 117229), (9, 117229), (10, 21), (10, 117229), (10, 21), (10, 19), (10, 117229), (11, 21), (11, 21), (11, 117229), (11, 19), (11, 117229), (12, 21), (12, 21), (12, 19), (12, 117229), (12, 117229), (13, 21), (13, 19), (13, 117229), (13, 21), (13, 117229), (14, 21), (14, 21), (14, 19), (14, 117229), (14, 117229), (15, 21), (15, 21), (15, 19), (15, 117229), (15, 117229), (16, 21), (16, 21), (16, 19), (16, 117229), (16, 117229), (17, 21), (17, 19), (17, 117229), (17, 21), (17, 117229), (18, 21), (18, 19), (18, 21), (18, 117229), (18, 117229), (19, 19), (19, 21), (19, 21), (19, 117229), (19, 117229), (20, 21), (20, 21), (20, 117229), (20, 117229), (20, 19), (21, 21), (21, 19), (21, 117229), (21, 21), (21, 117229), (22, 21), (22, 117229), (22, 19), (22, 21), (22, 117229), (23, 19), (23, 21), (23, 21), (23, 117229), (23, 117229), (24, 21), (24, 117229), (24, 21), (24, 19), (24, 117229), (25, 21), (25, 21), (25, 19), (25, 117229), (25, 117229), (26, 21), (26, 21), (26, 117229), (26, 19), (26, 117229), (27, 21), (27, 19), (27, 117229), (27, 21), (27, 117229), (28, 21), (28, 19), (28, 21), (28, 117229), (28, 117229), (29, 19), (29, 21), (29, 21), (29, 117229), (29, 117229), (30, 19), (30, 21), (30, 117229), (30, 21), (30, 117229), (31, 21), (31, 21), (31, 117229), (31, 19), (31, 117229), (32, 21), (32, 19), (32, 117229), (32, 21), (32, 117229), (33, 21), (33, 19), (33, 117229), (33, 21), (33, 117229), (34, 21), (34, 19), (34, 117229), (34, 21), (34, 117229), (35, 21), (35, 117229), (35, 21), (35, 19), (35, 117229), (36, 21), (36, 19), (36, 117229), (36, 21), (36, 117229), (37, 19), (37, 21), (37, 21), (37, 117229), (37, 117229), (38, 21), (38, 19), (38, 117229), (38, 21), (38, 117229), (39, 21), (39, 19), (39, 117229), (39, 21), (39, 117229), (40, 21), (40, 19), (40, 117229), (40, 21), (40, 117229), (41, 21), (41, 21), (41, 19), (41, 117229), (41, 117229), (42, 19), (42, 21), (42, 21), (42, 117229), (42, 117229), (43, 21), (43, 21), (43, 19), (43, 117229), (43, 117229), (44, 21), (44, 21), (44, 117229), (44, 19), (44, 117229), (45, 21), (45, 21), (45, 19), (45, 117229), (45, 117229), (46, 21), (46, 19), (46, 117229), (46, 21), (46, 117229), (47, 21), (47, 19), (47, 117229), (47, 21), (47, 117229), (48, 21), (48, 19), (48, 117229), (48, 21), (48, 117229), (49, 19), (49, 21), (49, 21), (49, 117229), (49, 117229), (50, 21), (50, 21), (50, 117229), (50, 19), (50, 117229), (51, 19), (51, 21), (51, 21), (51, 117229), (51, 117229), (51, 21), (51, 117229), (51, 21), (51, 117229), (51, 21), (51, 117229)]


Information from Client_2:

Signals: ['Update', 'Skip', 'Update', 'Skip', 'Update', 'Update', 'Update', 'Update', 'Update', 'Update', 'Update', 'Skip', 'Update', 'Update', 'Update', 'Skip', 'Skip', 'Update', 'Update', 'Skip', 'Skip', 'Update', 'Update', 'Update', 'Update', 'Skip', 'Skip', 'Update', 'Update', 'Update', 'Skip', 'Skip', 'Skip', 'Update', 'Skip', 'Update', 'Skip', 'Skip', 'Skip', 'Update', 'Update', 'Update', 'Update', 'Update', 'Skip', 'Skip', 'Skip', 'Update', 'Update', 'Update', 'Finish', None]
Data distribution: [(0, 34), (1, 43), (2, 36), (3, 24), (4, 28), (5, 26), (6, 37), (7, 40), (8, 35), (9, 30)]
Accuracy: [0.3003003003003003, 0.47147147147147145, 0.5765765765765766, 0.7837837837837838, 0.8978978978978979, 0.924924924924925, 0.9039039039039038, 0.9519519519519519, 0.972972972972973, 0.9519519519519519, 0.984984984984985, 0.984984984984985, 0.948948948948949, 0.975975975975976, 0.993993993993994, 0.8798798798798799, 0.972972972972973, 0.996996996996997, 0.975975975975976, 0.993993993993994, 0.993993993993994, 0.9519519519519519, 0.996996996996997, 0.996996996996997, 0.963963963963964, 0.975975975975976, 0.978978978978979, 0.954954954954955, 0.987987987987988, 0.990990990990991, 0.984984984984985, 0.993993993993994, 0.978978978978979, 0.984984984984985, 0.990990990990991, 1.0, 0.990990990990991, 0.990990990990991, 1.0, 0.984984984984985, 0.987987987987988, 0.996996996996997, 0.9219219219219219, 0.984984984984985, 0.993993993993994, 0.993993993993994, 1.0, 1.0, 0.960960960960961, 0.996996996996997, 0.996996996996997, 1.0, 0.996996996996997, 0.987987987987988, 0.96996996996997, 0.993993993993994, 0.987987987987988, 0.975975975975976, 0.990990990990991, 0.993993993993994, 0.987987987987988, 0.9819819819819819, 0.993993993993994, 0.987987987987988, 0.990990990990991, 0.996996996996997, 0.984984984984985, 0.996996996996997, 1.0, 0.9819819819819819, 0.990990990990991, 0.993993993993994, 0.996996996996997, 0.978978978978979, 0.996996996996997, 0.996996996996997, 0.996996996996997, 0.996996996996997, 0.996996996996997, 0.954954954954955, 0.96996996996997, 0.993993993993994, 0.990990990990991, 0.9819819819819819, 0.972972972972973, 0.978978978978979, 0.990990990990991, 0.987987987987988, 0.990990990990991, 0.987987987987988, 0.972972972972973, 0.987987987987988, 0.996996996996997]
Loss: [2.273849527041117, 1.914051592350006, 1.2419992287953694, 0.7007334132989248, 0.439756877720356, 0.24490566489597163, 0.27189035216967267, 0.19916893790165582, 0.08897409339745839, 0.16541239495078722, 0.07261479087173939, 0.04483262946208318, 0.13295703567564487, 0.07434032671153545, 0.0351091786287725, 0.2931731380522251, 0.07982630220552285, 0.0199788127016897, 0.08356781738499801, 0.020666747237555683, 0.01613935929102202, 0.11252850542465846, 0.016258104238659143, 0.012932676744336883, 0.0963449173917373, 0.06282765418291092, 0.0330209843814373, 0.23094155887762705, 0.047755422070622444, 0.08456677749442558, 0.05554410628974438, 0.022235598570356768, 0.08907097391784191, 0.0407329734104375, 0.03415798915860554, 0.005361992943411072, 0.022939139356215794, 0.02075595606584102, 0.008425254258327186, 0.050674142548814416, 0.02956067176031259, 0.007162716878156061, 0.29579232074320316, 0.03573548545561304, 0.03269809686268369, 0.03947054307597379, 0.01026634817632536, 0.0032202399258191385, 0.11917305799822013, 0.012519551091827452, 0.008901652458007447, 0.005993670395885904, 0.012382479200217253, 0.025571828756559018, 0.0729989468624505, 0.024164982489310205, 0.0482867936079856, 0.0898790859306852, 0.0405126331121816, 0.01223460067800867, 0.027475988007305812, 0.07225119631038979, 0.01160863406281957, 0.0199087164849819, 0.021291336296902347, 0.012143003157082907, 0.034665911681562044, 0.01314903007975469, 0.005108739947900176, 0.08672475749820781, 0.016532456811394997, 0.09948349825572222, 0.014082648422724256, 0.030215403904245857, 0.00891461564697238, 0.006132953357033936, 0.023492553780367114, 0.0063644354128579534, 0.0027537950621384275, 0.15659861644962803, 0.20828087689975897, 0.04012001818045974, 0.025418703313334845, 0.0807609537538762, 0.0806953067270418, 0.08965878184244502, 0.05694293380618968, 0.0252413320922642, 0.03800066552745799, 0.036056317499287616, 0.07806048636363509, 0.02838588647621994, 0.003053597567751846]
Received data: [(0, 20), (0, 2815), (0, 610), (0, 118793), (0, 21), (0, 117229), (1, 19), (1, 21), (1, 117229), (2, 19), (2, 21), (2, 117229), (3, 21), (3, 117229), (4, 21), (4, 117229), (5, 21), (5, 117229), (6, 21), (6, 117229), (7, 21), (7, 117229), (8, 21), (8, 117229), (9, 19), (9, 21), (9, 117229), (10, 21), (10, 117229), (11, 21), (11, 117229), (12, 19), (12, 19), (12, 21), (12, 117229), (13, 21), (13, 117229), (14, 19), (14, 19), (14, 21), (14, 117229), (15, 21), (15, 117229), (16, 21), (16, 117229), (17, 21), (17, 117229), (18, 19), (18, 19), (18, 21), (18, 117229), (19, 21), (19, 117229), (20, 21), (20, 117229), (21, 19), (21, 19), (21, 19), (21, 21), (21, 117229), (22, 19), (22, 21), (22, 117229), (23, 19), (23, 19), (23, 19), (23, 21), (23, 117229), (24, 21), (24, 117229), (25, 21), (25, 117229), (26, 21), (26, 117229), (27, 21), (27, 117229), (28, 19), (28, 19), (28, 19), (28, 21), (28, 117229), (29, 21), (29, 117229), (30, 21), (30, 117229), (31, 21), (31, 117229)]
Send data: [(0, 23), (1, 117229), (1, 117229), (2, 117229), (2, 117229), (3, 117229), (4, 117229), (5, 117229), (6, 117229), (7, 117229), (8, 117229), (9, 117229), (9, 117229), (10, 117229), (11, 117229), (12, 117229), (12, 117229), (12, 117229), (13, 117229), (14, 117229), (14, 117229), (14, 117229), (15, 117229), (16, 117229), (17, 117229), (18, 117229), (18, 117229), (18, 117229), (19, 117229), (20, 117229), (21, 117229), (21, 117229), (21, 117229), (21, 117229), (22, 117229), (22, 117229), (23, 117229), (23, 117229), (23, 117229), (23, 117229), (24, 117229), (25, 117229), (26, 117229), (27, 117229), (28, 117229), (28, 117229), (28, 117229), (28, 117229), (29, 117229), (30, 117229), (31, 117229)]
Strategies (if used): ['Strategy 2', 'Strategy 1', 'Strategy 2', 'Strategy 1', 'Strategy 2', 'Strategy 1', 'Strategy 1', 'Strategy 1', 'Strategy 1', 'Strategy 1', 'Strategy 1', 'Strategy 1', 'Strategy 1', 'Strategy 1', 'Strategy 1', 'Strategy 1', 'Strategy 1', 'Strategy 1', 'Strategy 1', 'Strategy 1', 'Strategy 1', 'Strategy 1', 'Strategy 1', 'Strategy 1', 'Strategy 1', 'Strategy 1', 'Strategy 1', 'Strategy 1', 'Strategy 1', 'Strategy 1', 'Strategy 1']


Information from Client_3:

Signals: ['Skip', 'Update', 'Update', 'Update', 'Update', 'Skip', 'Update', 'Skip', 'Skip', 'Skip', 'Skip', 'Update', 'Skip', 'Skip', 'Skip', 'Update', 'Update', 'Update', 'Skip', 'Update', 'Update', 'Update', 'Skip', 'Skip', 'Skip', 'Update', 'Update', 'Update', 'Update', 'Skip', 'Update', 'Update', 'Update', 'Skip', 'Update', 'Update', 'Update', 'Update', 'Update', 'Skip', 'Update', 'Skip', 'Skip', 'Skip', 'Update', 'Update', 'Update', 'Update', 'Skip', 'Update', 'Finish', None]
Data distribution: [(0, 37), (1, 39), (2, 37), (3, 33), (4, 39), (5, 27), (6, 34), (7, 30), (8, 23), (9, 34)]
Accuracy: [0.6936936936936937, 0.7957957957957958, 0.8978978978978979, 0.8828828828828829, 0.9309309309309309, 0.9309309309309309, 0.924924924924925, 0.954954954954955, 0.984984984984985, 0.9039039039039038, 0.924924924924925, 0.990990990990991, 0.9459459459459459, 0.990990990990991, 1.0, 0.984984984984985, 0.996996996996997, 0.993993993993994, 0.990990990990991, 0.990990990990991, 0.996996996996997, 0.9819819819819819, 0.9819819819819819, 0.993993993993994, 0.996996996996997, 1.0, 1.0, 1.0, 1.0, 0.993993993993994, 1.0, 1.0, 0.996996996996997, 0.984984984984985, 0.987987987987988, 0.990990990990991, 0.990990990990991, 0.996996996996997, 0.996996996996997, 0.963963963963964, 0.984984984984985, 1.0, 0.990990990990991, 0.990990990990991, 0.996996996996997, 0.993993993993994, 0.993993993993994, 1.0, 0.987987987987988, 0.993993993993994, 1.0, 0.984984984984985, 0.987987987987988, 0.9819819819819819, 0.987987987987988, 0.993993993993994, 1.0, 0.990990990990991, 0.990990990990991, 0.996996996996997, 0.972972972972973, 0.996996996996997, 1.0, 0.975975975975976, 0.996996996996997, 0.990990990990991, 1.0, 0.987987987987988, 0.993993993993994, 0.96996996996997, 0.993993993993994, 1.0, 0.990990990990991, 1.0, 1.0, 0.996996996996997, 1.0, 1.0, 0.990990990990991, 0.987987987987988, 1.0, 0.996996996996997, 0.987987987987988, 0.993993993993994, 1.0, 0.990990990990991, 0.987987987987988, 1.0, 0.996996996996997, 0.996996996996997]
Loss: [1.0226385593414307, 0.7275479684273402, 0.3544008235136668, 0.4613386144240697, 0.22261144469181696, 0.187733373294274, 0.19634603864202896, 0.15414068227012953, 0.08341261371970177, 0.30836644023656845, 0.15462744484345117, 0.05126909166574478, 0.14908869688709578, 0.03382200344155232, 0.015117668236295382, 0.042572349620362125, 0.01873777659299473, 0.018616363968855392, 0.03191025801546251, 0.02810822966663788, 0.0043075931462226436, 0.043136783875525, 0.08369726113354166, 0.01818618302543958, 0.02125864375072221, 0.009838551632128656, 0.004783365739664684, 0.004214585786333676, 0.001720126352817412, 0.011505616401943067, 0.0025539967573422473, 0.004412769669822107, 0.006394674157490954, 0.09602780713854979, 0.04528658759469787, 0.03102225691933806, 0.023868919505427282, 0.00998642398432518, 0.006893486133776605, 0.11899696980738857, 0.09437217060743326, 0.002848280280280354, 0.030432562348626863, 0.025342315338396777, 0.0028656787302073403, 0.02248467782434697, 0.00940909008810801, 0.0032516646735984978, 0.02956392359919846, 0.013363739921866605, 0.0008920471567156104, 0.016374885628465563, 0.035476652827734746, 0.05851702322252095, 0.054720250128108695, 0.012194340233691037, 0.0029007052988845317, 0.041522170008344496, 0.04540956370450052, 0.020115761332817783, 0.14374679396860301, 0.007352411884009295, 0.004010040753200883, 0.04746627347776666, 0.005854903388808452, 0.04701552652113605, 0.0051236749144057585, 0.03890626545762643, 0.009354453261645782, 0.3569889568098006, 0.023612067527210456, 0.0035793334003149844, 0.032768158717469, 0.004483524156967178, 0.006305665022712977, 0.025602959654255148, 0.0014098052732454864, 0.00011915053558671691, 0.019120790012645255, 0.031330361302631594, 0.0036445782370719826, 0.019760705882125862, 0.02360530653125655, 0.007391055223706644, 0.0039015012541009733, 0.02292312805701613, 0.028751215562806465, 0.0014781130612201803, 0.011602801357630218, 0.006238806228473948]
Received data: [(0, 20), (0, 2815), (0, 610), (0, 118793), (0, 19), (0, 21), (0, 117229), (1, 21), (1, 117229), (2, 21), (2, 117229), (3, 21), (3, 117229), (4, 19), (4, 21), (4, 117229), (5, 19), (5, 19), (5, 19), (5, 19), (5, 21), (5, 117229), (6, 19), (6, 19), (6, 19), (6, 21), (6, 117229), (7, 21), (7, 117229), (8, 21), (8, 117229), (9, 19), (9, 21), (9, 117229), (10, 21), (10, 117229), (11, 21), (11, 117229), (12, 19), (12, 19), (12, 19), (12, 21), (12, 117229), (13, 21), (13, 117229), (14, 21), (14, 117229), (15, 21), (15, 117229), (16, 19), (16, 21), (16, 117229), (17, 21), (17, 117229), (18, 21), (18, 117229), (19, 19), (19, 21), (19, 117229), (20, 21), (20, 117229), (21, 21), (21, 117229), (22, 21), (22, 117229), (23, 21), (23, 117229), (24, 19), (24, 21), (24, 117229), (25, 19), (25, 19), (25, 19), (25, 21), (25, 117229), (26, 21), (26, 117229), (27, 21), (27, 117229), (28, 21), (28, 117229), (29, 19), (29, 21), (29, 117229), (30, 21), (30, 117229)]
Send data: [(0, 23), (0, 117229), (1, 117229), (2, 117229), (3, 117229), (4, 117229), (4, 117229), (5, 117229), (5, 117229), (5, 117229), (5, 117229), (5, 117229), (6, 117229), (6, 117229), (6, 117229), (6, 117229), (7, 117229), (8, 117229), (9, 117229), (9, 117229), (10, 117229), (11, 117229), (12, 117229), (12, 117229), (12, 117229), (12, 117229), (13, 117229), (14, 117229), (15, 117229), (16, 117229), (16, 117229), (17, 117229), (18, 117229), (19, 117229), (19, 117229), (20, 117229), (21, 117229), (22, 117229), (23, 117229), (24, 117229), (24, 117229), (25, 117229), (25, 117229), (25, 117229), (25, 117229), (26, 117229), (27, 117229), (28, 117229), (29, 117229), (29, 117229), (30, 117229)]
Strategies (if used): ['Strategy 1', 'Strategy 1', 'Strategy 1', 'Strategy 1', 'Strategy 1', 'Strategy 1', 'Strategy 1', 'Strategy 1', 'Strategy 1', 'Strategy 1', 'Strategy 1', 'Strategy 1', 'Strategy 1', 'Strategy 1', 'Strategy 1', 'Strategy 1', 'Strategy 1', 'Strategy 1', 'Strategy 1', 'Strategy 1', 'Strategy 1', 'Strategy 1', 'Strategy 1', 'Strategy 1', 'Strategy 1', 'Strategy 1', 'Strategy 1', 'Strategy 1', 'Strategy 1', 'Strategy 1']


Information from Client_1:

Signals: ['Update', 'Update', 'Skip', 'Update', 'Skip', 'Update', 'Skip', 'Update', 'Update', 'Update', 'Update', 'Update', 'Update', 'Update', 'Update', 'Update', 'Update', 'Skip', 'Update', 'Update', 'Update', 'Skip', 'Update', 'Update', 'Update', 'Update', 'Update', 'Skip', 'Skip', 'Update', 'Update', 'Update', 'Update', 'Update', 'Update', 'Skip', 'Update', 'Update', 'Update', 'Update', 'Skip', 'Update', 'Update', 'Update', 'Update', 'Update', 'Update', 'Skip', 'Update', 'Skip', 'Finish', None]
Data distribution: [(0, 33), (1, 31), (2, 32), (3, 47), (4, 43), (5, 21), (6, 26), (7, 29), (8, 39), (9, 32)]
Accuracy: [0.12912912912912913, 0.2222222222222222, 0.3213213213213213, 0.7027027027027027, 0.7537537537537538, 0.8858858858858859, 0.9099099099099099, 0.9429429429429429, 0.960960960960961, 0.93993993993994, 0.9669669669669669, 0.984984984984985, 0.972972972972973, 0.987987987987988, 0.993993993993994, 0.96996996996997, 0.993993993993994, 0.996996996996997, 0.948948948948949, 0.972972972972973, 0.990990990990991, 0.9669669669669669, 0.990990990990991, 0.993993993993994, 0.9819819819819819, 0.987987987987988, 0.990990990990991, 0.978978978978979, 0.987987987987988, 1.0, 0.990990990990991, 0.990990990990991, 1.0, 0.96996996996997, 0.993993993993994, 1.0, 0.996996996996997, 0.993993993993994, 1.0, 0.984984984984985, 1.0, 0.996996996996997, 0.987987987987988, 1.0, 1.0, 0.96996996996997, 0.975975975975976, 0.987987987987988, 0.990990990990991, 0.996996996996997, 0.993993993993994, 1.0, 0.993993993993994, 0.987987987987988, 0.948948948948949, 0.993993993993994, 0.984984984984985, 0.96996996996997, 0.990990990990991, 0.993993993993994, 0.978978978978979, 0.9819819819819819, 0.996996996996997, 0.993993993993994, 0.993993993993994, 1.0, 0.996996996996997, 0.996996996996997, 0.9819819819819819, 0.996996996996997, 1.0, 1.0, 0.996996996996997, 0.975975975975976, 0.993993993993994, 0.978978978978979, 0.984984984984985, 0.996996996996997, 0.987987987987988, 0.996996996996997, 0.996996996996997, 0.9819819819819819, 0.996996996996997, 0.996996996996997, 0.96996996996997, 0.993993993993994, 0.990990990990991, 0.963963963963964, 0.963963963963964, 0.984984984984985, 0.975975975975976, 0.990990990990991, 0.987987987987988, 0.990990990990991, 0.978978978978979, 1.0, 0.990990990990991, 1.0, 1.0, 0.978978978978979, 1.0, 1.0, 1.0, 0.990990990990991, 0.978978978978979, 0.996996996996997, 0.990990990990991, 0.993993993993994, 0.9819819819819819, 1.0, 0.993993993993994, 0.96996996996997, 0.990990990990991, 1.0, 0.996996996996997, 0.996996996996997, 0.996996996996997]
Loss: [2.3023964166641235, 2.270995775858561, 1.9570745627085369, 0.9161746501922607, 0.7365424633026123, 0.3265736090640227, 0.2765320787827174, 0.20283764600753784, 0.1249557596941789, 0.22277472540736198, 0.08418334073697527, 0.0430031760285298, 0.10261988764007886, 0.03865231255379816, 0.01962252225105961, 0.0838093888014555, 0.022487631378074486, 0.00723974503731976, 0.15843327343463898, 0.05519139448491236, 0.026132320092680555, 0.1097208031763633, 0.03488541984309753, 0.020749952256058652, 0.06374626296261947, 0.04961890851457914, 0.026204309115807217, 0.06858718891938527, 0.03461984684690833, 0.004942223352069656, 0.0319029675059331, 0.0207914166773359, 0.009382742107845843, 0.08502202791472276, 0.026999798603355885, 0.005213092624520262, 0.021996783558279276, 0.01701942893366019, 0.005369595591522132, 0.06214122904930264, 0.008973100183842083, 0.013473625081436088, 0.03134828511004647, 0.0064385326889654, 0.002766298120453333, 0.09365474087341379, 0.10105051783223946, 0.027526067725072306, 0.023982775703188963, 0.010341559265119335, 0.015206661773845553, 0.0038103867458024374, 0.013300604885444045, 0.02842511547108491, 0.21363030622402826, 0.021447904330367844, 0.03247951001200514, 0.20276112544039884, 0.03473661777873834, 0.017341423231603887, 0.052925350047492735, 0.09167200283629977, 0.007190253401252751, 0.016643679584376514, 0.014884827192872763, 0.0035048404533881694, 0.00803542579524219, 0.0059345476984162815, 0.0817891185094292, 0.006868404258663456, 0.00417516512000778, 0.0013513074959519145, 0.01415986863503349, 0.10914713233554114, 0.00770107906494862, 0.056499268976040184, 0.0974561523956557, 0.009224348197070261, 0.03514837434825798, 0.01131077465834096, 0.008287424609685937, 0.05017821312261125, 0.006379834473288308, 0.007960487547582792, 0.21033547104646763, 0.0072271685567102395, 0.01951577524111296, 0.15722961095161736, 0.08000440305719773, 0.056678947108594, 0.10476541340661545, 0.01852204884441259, 0.01243182256196936, 0.07612782091988872, 0.059849740414695894, 0.00191028740330997, 0.02225082511237512, 0.0017309380224711883, 0.0017804498553838737, 0.04410942314279964, 0.008013200616308799, 0.0033112129637705343, 0.005194344436555791, 0.02972486826547538, 0.07815880349759634, 0.003923119026997786, 0.024956911694971495, 0.01230343606069558, 0.04294823521437744, 0.0010387529667544488, 0.02450294442436037, 0.07171677720422547, 0.01694860884269171, 0.003077668923424426, 0.003371886930835899, 0.002993275982809962, 0.004840676963491812]
Received data: [(0, 20), (0, 2815), (0, 610), (0, 118793), (0, 21), (0, 117229), (1, 21), (1, 117229), (2, 19), (2, 21), (2, 117229), (3, 19), (3, 21), (3, 117229), (4, 19), (4, 21), (4, 117229), (5, 21), (5, 117229), (6, 21), (6, 117229), (7, 21), (7, 117229), (8, 21), (8, 117229), (9, 21), (9, 117229), (10, 21), (10, 117229), (11, 21), (11, 117229), (12, 21), (12, 117229), (13, 21), (13, 117229), (14, 19), (14, 21), (14, 117229), (15, 21), (15, 117229), (16, 21), (16, 117229), (17, 19), (17, 21), (17, 117229), (18, 21), (18, 117229), (19, 21), (19, 117229), (20, 21), (20, 117229), (21, 21), (21, 117229), (22, 19), (22, 19), (22, 21), (22, 117229), (23, 21), (23, 117229), (24, 21), (24, 117229), (25, 21), (25, 117229), (26, 21), (26, 117229), (27, 21), (27, 117229), (28, 19), (28, 21), (28, 117229), (29, 21), (29, 117229), (30, 21), (30, 117229), (31, 21), (31, 117229), (32, 19), (32, 21), (32, 117229), (33, 21), (33, 117229), (34, 21), (34, 117229), (35, 21), (35, 117229), (36, 21), (36, 117229), (37, 21), (37, 117229), (38, 19), (38, 21), (38, 117229), (39, 19), (39, 21), (39, 117229)]
Send data: [(0, 23), (1, 117229), (2, 117229), (2, 117229), (3, 117229), (3, 117229), (4, 117229), (4, 117229), (5, 117229), (6, 117229), (7, 117229), (8, 117229), (9, 117229), (10, 117229), (11, 117229), (12, 117229), (13, 117229), (14, 117229), (14, 117229), (15, 117229), (16, 117229), (17, 117229), (17, 117229), (18, 117229), (19, 117229), (20, 117229), (21, 117229), (22, 117229), (22, 117229), (22, 117229), (23, 117229), (24, 117229), (25, 117229), (26, 117229), (27, 117229), (28, 117229), (28, 117229), (29, 117229), (30, 117229), (31, 117229), (32, 117229), (32, 117229), (33, 117229), (34, 117229), (35, 117229), (36, 117229), (37, 117229), (38, 117229), (38, 117229), (39, 117229), (39, 117229)]
Strategies (if used): ['Strategy 2', 'Strategy 1', 'Strategy 1', 'Strategy 1', 'Strategy 1', 'Strategy 1', 'Strategy 1', 'Strategy 1', 'Strategy 1', 'Strategy 1', 'Strategy 1', 'Strategy 1', 'Strategy 1', 'Strategy 1', 'Strategy 1', 'Strategy 1', 'Strategy 1', 'Strategy 1', 'Strategy 1', 'Strategy 1', 'Strategy 1', 'Strategy 1', 'Strategy 1', 'Strategy 1', 'Strategy 1', 'Strategy 1', 'Strategy 1', 'Strategy 1', 'Strategy 1', 'Strategy 1', 'Strategy 1', 'Strategy 1', 'Strategy 1', 'Strategy 1', 'Strategy 1', 'Strategy 1', 'Strategy 1', 'Strategy 1', 'Strategy 1']


Duration: 285 minutes 53 seconds
