The following training was conducted:

C: 0.8
K: 3
R: 15
E: 3
B: 64
optimizer: <class 'torch.optim.adam.Adam'>
criterion: CrossEntropyLoss()
lr: 0.01
data_name: CIFAR10
iid: False
shards_each: 2
ternary: True
personalized: False
model: <class 'models.Net_4'>
LESS_DATA: 10000
SERVER_TEST_SIZE: 1000
SERVER_TRAIN_SIZE: 1000


Information from Server:

Accuracy: [0.1, 0.1, 0.1, 0.1, 0.106, 0.114, 0.1, 0.099, 0.102, 0.106, 0.103, 0.11, 0.107, 0.112, 0.118]
Loss: [2.415564611554146, 2.608246386051178, 2.4628929793834686, 2.423969119787216, 2.528390049934387, 2.5094831436872482, 2.6379180550575256, 2.5221113115549088, 2.530097335577011, 2.4539457857608795, 2.4008748829364777, 2.5230312794446945, 2.33509624004364, 2.423926204442978, 2.3960218131542206]
Received data: [(1, 23), (1, 23), (1, 23), (2, 250910), (2, 250910), (2, 250910), (3, 250910), (3, 250910), (3, 250910), (4, 250910), (4, 250910), (4, 250910), (5, 250910), (5, 250910), (5, 250910), (6, 250910), (6, 250910), (6, 250910), (7, 250910), (7, 250910), (7, 250910), (8, 250910), (8, 250910), (8, 250910), (9, 250910), (9, 250910), (9, 250910), (10, 250910), (10, 250910), (10, 250910), (11, 250910), (11, 250910), (11, 250910), (12, 250910), (12, 250910), (12, 250910), (13, 250910), (13, 250910), (13, 250910), (14, 250910), (14, 250910), (14, 250910), (15, 250910), (15, 250910), (15, 250910), (16, 250910), (16, 250910), (16, 250910)]
Send data: [(1, 22), (1, 9996), (1, 612), (1, 252617), (1, 22), (1, 10000), (1, 612), (1, 252617), (1, 22), (1, 10004), (1, 612), (1, 252617), (2, 19), (2, 21), (2, 21), (2, 250910), (2, 250910), (3, 21), (3, 250910), (3, 19), (3, 21), (3, 250910), (4, 21), (4, 21), (4, 250910), (4, 250910), (4, 19), (5, 21), (5, 19), (5, 21), (5, 250910), (5, 250910), (6, 21), (6, 21), (6, 19), (6, 250910), (6, 250910), (7, 21), (7, 250910), (7, 21), (7, 19), (7, 250910), (8, 19), (8, 21), (8, 21), (8, 250910), (8, 250910), (9, 21), (9, 21), (9, 19), (9, 250910), (9, 250910), (10, 21), (10, 21), (10, 19), (10, 250910), (10, 250910), (11, 21), (11, 21), (11, 250910), (11, 250910), (11, 19), (12, 21), (12, 19), (12, 21), (12, 250910), (12, 250910), (13, 19), (13, 21), (13, 21), (13, 250910), (13, 250910), (14, 21), (14, 21), (14, 19), (14, 250910), (14, 250910), (15, 19), (15, 21), (15, 250910), (15, 21), (15, 250910), (16, 21), (16, 19), (16, 250910), (16, 21), (16, 250910), (16, 21), (16, 250910), (16, 21), (16, 250910), (16, 21), (16, 250910)]


Information from Client_3:

Signals: ['Update', 'Update', 'Skip', 'Update', 'Skip', 'Skip', 'Update', 'Skip', 'Skip', 'Skip', 'Update', 'Update', 'Skip', 'Update', 'Update', 'Finish', None]
Data distribution: [(3, 635), (4, 1034), (5, 976), (6, 687)]
Accuracy: [0.3070228091236495, 0.42857142857142855, 0.5090036014405762, 0.4264705882352941, 0.31782713085234093, 0.429171668667467, 0.44357743097238894, 0.4225690276110444, 0.4339735894357743, 0.43607442977190874, 0.4294717887154862, 0.43187274909963985, 0.4261704681872749, 0.44657863145258103, 0.45108043217286914, 0.4180672268907563, 0.47388955582232895, 0.4669867947178872, 0.4729891956782713, 0.4996998799519808, 0.3403361344537815, 0.374249699879952, 0.4597839135654262, 0.4531812725090036]
Loss: [1.8754250058587991, 1.2756328155409615, 1.1322922447942338, 1.2695218954446181, 1.5548012481545501, 1.262079619011789, 1.2925276148994014, 1.2975056013971005, 1.2770166801956464, 1.3603166892843426, 1.2355448052568256, 1.2403258984943606, 1.251892607167082, 1.2114168967840806, 1.2440316812047418, 1.2491774446559403, 1.161037858927025, 1.1778502318094362, 1.1804405372097808, 1.155820222395771, 1.260333778723231, 1.3209567249945875, 1.2124329423004727, 1.2130246297368463]
Received data: [(0, 22), (0, 10004), (0, 612), (0, 252617), (0, 21), (0, 250910), (1, 21), (1, 250910), (2, 19), (2, 21), (2, 250910), (3, 19), (3, 19), (3, 21), (3, 250910), (4, 19), (4, 19), (4, 19), (4, 21), (4, 250910), (5, 21), (5, 250910), (6, 19), (6, 21), (6, 250910), (7, 21), (7, 250910), (8, 21), (8, 250910)]
Send data: [(0, 23), (1, 250910), (2, 250910), (2, 250910), (3, 250910), (3, 250910), (3, 250910), (4, 250910), (4, 250910), (4, 250910), (4, 250910), (5, 250910), (6, 250910), (6, 250910), (7, 250910), (8, 250910)]
Strategies (if used): ['Strategy 2', 'Strategy 1', 'Strategy 2', 'Strategy 1', 'Strategy 1', 'Strategy 2', 'Strategy 1', 'Strategy 1']


Information from Client_1:

Signals: ['Skip', 'Update', 'Update', 'Update', 'Update', 'Update', 'Skip', 'Update', 'Update', 'Update', 'Update', 'Skip', 'Update', 'Skip', 'Update', 'Finish', None]
Data distribution: [(6, 337), (7, 1055), (8, 952), (9, 988)]
Accuracy: [0.31662665066026413, 0.2965186074429772, 0.2965186074429772, 0.2857142857142857, 0.31662665066026413, 0.2965186074429772, 0.5333133253301321, 0.5483193277310925, 0.5792316926770709, 0.4771908763505402, 0.5798319327731093, 0.6194477791116446, 0.5834333733493398, 0.5525210084033614, 0.6137454981992797, 0.5600240096038416, 0.601140456182473, 0.6161464585834334, 0.5018007202881153, 0.5336134453781513, 0.49879951980792314, 0.5819327731092437, 0.601140456182473, 0.6743697478991597, 0.5834333733493398, 0.6365546218487395, 0.5633253301320528, 0.5996398559423769, 0.581032412965186, 0.6674669867947179, 0.6569627851140456, 0.7157863145258103, 0.7424969987995198]
Loss: [1.3257118980839568, 1.3201183485534955, 1.315912701048941, 1.316225917834156, 1.3416940513646827, 1.326742484884442, 1.251017835904967, 0.9678932079729045, 0.9027956847874623, 1.3006803708256416, 0.9909159136268327, 0.8983650668612067, 1.1190647302933459, 1.1059402598524994, 0.8640434674496921, 1.0530888730624937, 1.0000017285346985, 0.9911865322095044, 1.1339460746297296, 1.034629783540402, 1.8590239128976498, 0.9304405282128532, 0.9990292686336445, 0.8125962356351456, 1.0258925433428783, 0.8897554143419806, 1.053342785475389, 1.1996069269360237, 0.9073301148864458, 0.8173309485867338, 0.8290043079628134, 0.7071502872233121, 0.6864518545708567]
Received data: [(0, 22), (0, 9996), (0, 612), (0, 252617), (0, 19), (0, 21), (0, 250910), (1, 21), (1, 250910), (2, 21), (2, 250910), (3, 21), (3, 250910), (4, 21), (4, 250910), (5, 19), (5, 21), (5, 250910), (6, 21), (6, 250910), (7, 21), (7, 250910), (8, 21), (8, 250910), (9, 19), (9, 21), (9, 250910), (10, 19), (10, 21), (10, 250910), (11, 21), (11, 250910)]
Send data: [(0, 23), (0, 250910), (1, 250910), (2, 250910), (3, 250910), (4, 250910), (5, 250910), (5, 250910), (6, 250910), (7, 250910), (8, 250910), (9, 250910), (9, 250910), (10, 250910), (10, 250910), (11, 250910)]
Strategies (if used): ['Strategy 1', 'Strategy 1', 'Strategy 1', 'Strategy 2', 'Strategy 2', 'Strategy 2', 'Strategy 2', 'Strategy 2', 'Strategy 2', 'Strategy 2', 'Strategy 2']


Information from Client_2:

Signals: ['Update', 'Skip', 'Update', 'Skip', 'Update', 'Update', 'Update', 'Update', 'Update', 'Update', 'Skip', 'Update', 'Update', 'Update', 'Skip', 'Finish', None]
Data distribution: [(0, 973), (1, 1030), (2, 973), (3, 356)]
Accuracy: [0.5435174069627852, 0.6404561824729892, 0.602641056422569, 0.30912364945978393, 0.2920168067226891, 0.3442376950780312, 0.30912364945978393, 0.2920168067226891, 0.30912364945978393, 0.2920168067226891, 0.2920168067226891, 0.2920168067226891, 0.3397358943577431, 0.3469387755102041, 0.30282112845138054, 0.30912364945978393, 0.2920168067226891, 0.30912364945978393, 0.30912364945978393, 0.30912364945978393, 0.30912364945978393, 0.2920168067226891, 0.36884753901560624, 0.36584633853541415, 0.3979591836734694, 0.41596638655462187, 0.4882953181272509, 0.4297719087635054, 0.44837935174069626, 0.4447779111644658, 0.4063625450180072, 0.4732893157262905, 0.5054021608643458]
Loss: [1.0806345894651592, 0.9586873032012075, 1.0102291309608604, 1.3411930979422804, 1.3304889359564152, 1.3037149366342797, 1.3234133315536212, 1.329942617776259, 1.338811478524838, 1.3642932379020836, 1.3281306613166377, 1.3311446027935676, 1.3344054222106934, 1.3098613518588949, 1.3180961338978894, 1.3344645365229193, 1.3256855460832704, 1.3347186569897633, 1.322330393881168, 1.3317738321592223, 1.326654665874985, 1.3201779014659378, 1.2924715370502111, 1.3011408526942414, 1.2517565668753858, 1.2870284060262285, 1.220514327849982, 1.408369221777286, 1.205314705956657, 1.171999953827768, 1.2418082705083884, 1.1606287765053083, 1.0508245499628894]
Received data: [(0, 22), (0, 10000), (0, 612), (0, 252617), (0, 21), (0, 250910), (1, 19), (1, 21), (1, 250910), (2, 19), (2, 21), (2, 250910), (3, 21), (3, 250910), (4, 21), (4, 250910), (5, 21), (5, 250910), (6, 21), (6, 250910), (7, 21), (7, 250910), (8, 19), (8, 21), (8, 250910), (9, 21), (9, 250910), (10, 21), (10, 250910), (11, 19), (11, 21), (11, 250910)]
Send data: [(0, 23), (1, 250910), (1, 250910), (2, 250910), (2, 250910), (3, 250910), (4, 250910), (5, 250910), (6, 250910), (7, 250910), (8, 250910), (8, 250910), (9, 250910), (10, 250910), (11, 250910), (11, 250910)]
Strategies (if used): ['Strategy 2', 'Strategy 1', 'Strategy 1', 'Strategy 1', 'Strategy 1', 'Strategy 1', 'Strategy 1', 'Strategy 1', 'Strategy 2', 'Strategy 1', 'Strategy 2']


Duration: 112 minutes 36 seconds
