The following training was conducted:

C: 0.8
K: 3
R: 15
E: 3
B: 64
optimizer: <class 'torch.optim.adam.Adam'>
criterion: CrossEntropyLoss()
lr: 0.01
data_name: CIFAR10
iid: True
shards_each: 2
ternary: False
personalized: False
model: <class 'models.Net_4'>
LESS_DATA: 100
SERVER_TEST_SIZE: 100
SERVER_TRAIN_SIZE: 100


Information from Server:

Accuracy: [0.13, 0.12, 0.17, 0.19, 0.18, 0.25, 0.14, 0.15, 0.16, 0.17, 0.13, 0.16, 0.18, 0.15, 0.15]
Loss: [2.3930020332336426, 2.28645396232605, 2.2713524103164673, 2.1928941011428833, 2.530025839805603, 2.2237828969955444, 2.5787506103515625, 2.4664939641952515, 3.345198154449463, 2.9384573698043823, 3.732295036315918, 3.1066783666610718, 3.986303687095642, 3.6948424577713013, 4.721091032028198]
Received data: [(1, 23), (1, 23), (1, 23), (2, 250910), (2, 250910), (2, 250910), (3, 250910), (3, 250910), (3, 250910), (4, 250910), (4, 250910), (4, 250910), (5, 250910), (5, 250910), (5, 250910), (6, 250910), (6, 250910), (6, 250910), (7, 250910), (7, 250910), (7, 250910), (8, 250910), (8, 250910), (8, 250910), (9, 250910), (9, 250910), (9, 250910), (10, 250910), (10, 250910), (10, 250910), (11, 250910), (11, 250910), (11, 250910), (12, 250910), (12, 250910), (12, 250910), (13, 250910), (13, 250910), (13, 250910), (14, 250910), (14, 250910), (14, 250910), (15, 250910), (15, 250910), (15, 250910), (16, 250910), (16, 250910), (16, 250910)]
Send data: [(1, 22), (1, 414), (1, 550), (1, 252486), (1, 22), (1, 414), (1, 550), (1, 252486), (1, 22), (1, 414), (1, 550), (1, 252486), (2, 19), (2, 21), (2, 21), (2, 250894), (2, 250894), (3, 21), (3, 21), (3, 19), (3, 250894), (3, 250894), (4, 19), (4, 21), (4, 21), (4, 250894), (4, 250894), (5, 21), (5, 21), (5, 19), (5, 250894), (5, 250894), (6, 21), (6, 19), (6, 21), (6, 250894), (6, 250894), (7, 19), (7, 21), (7, 21), (7, 250894), (7, 250894), (8, 21), (8, 19), (8, 21), (8, 250894), (8, 250894), (9, 21), (9, 19), (9, 21), (9, 250894), (9, 250894), (10, 19), (10, 21), (10, 21), (10, 250894), (10, 250894), (11, 21), (11, 21), (11, 19), (11, 250894), (11, 250894), (12, 21), (12, 19), (12, 21), (12, 250894), (12, 250894), (13, 21), (13, 19), (13, 21), (13, 250894), (13, 250894), (14, 21), (14, 21), (14, 250894), (14, 19), (14, 250894), (15, 21), (15, 19), (15, 21), (15, 250894), (15, 250894), (16, 21), (16, 19), (16, 21), (16, 250894), (16, 250894), (16, 21), (16, 250894), (16, 21), (16, 250894), (16, 21), (16, 250894)]


