The following training was conducted:

C: 0.8
K: 3
R: 15
E: 3
B: 64
optimizer: <class 'torch.optim.adam.Adam'>
criterion: CrossEntropyLoss()
lr: 0.01
data_name: CIFAR10
iid: False
shards_each: 2
ternary: True
personalized: False
model: <class 'models.Net_4'>
LESS_DATA: 10000
SERVER_TEST_SIZE: 1000
SERVER_TRAIN_SIZE: 1000


Information from Server:

Accuracy: [0.1, 0.1, 0.1, 0.165, 0.1, 0.104, 0.165, 0.151, 0.146, 0.187, 0.193, 0.191, 0.17, 0.198, 0.199]
Loss: [2.3795726150274277, 2.7088387459516525, 2.663786470890045, 2.3674334287643433, 2.6794298738241196, 2.577109709382057, 2.3785852193832397, 2.4118309319019318, 2.418083906173706, 2.376038298010826, 2.4824907183647156, 2.412665903568268, 2.2667436003684998, 2.4513288885354996, 2.3705616295337677]
Received data: [(1, 23), (1, 23), (1, 23), (2, 250910), (2, 250910), (2, 250910), (3, 250910), (3, 250910), (3, 250910), (4, 250910), (4, 250910), (4, 250910), (5, 250910), (5, 250910), (5, 250910), (6, 250910), (6, 250910), (6, 250910), (7, 250910), (7, 250910), (7, 250910), (8, 250910), (8, 250910), (8, 250910), (9, 250910), (9, 250910), (9, 250910), (10, 250910), (10, 250910), (10, 250910), (11, 250910), (11, 250910), (11, 250910), (12, 250910), (12, 250910), (12, 250910), (13, 250910), (13, 250910), (13, 250910), (14, 250910), (14, 250910), (14, 250910), (15, 250910), (15, 250910), (15, 250910), (16, 250910), (16, 250910), (16, 250910)]
Send data: [(1, 22), (1, 9998), (1, 612), (1, 252617), (1, 22), (1, 10005), (1, 612), (1, 252617), (1, 22), (1, 9996), (1, 612), (1, 252617), (2, 21), (2, 21), (2, 250910), (2, 250910), (2, 19), (3, 21), (3, 19), (3, 250910), (3, 21), (3, 250910), (4, 21), (4, 19), (4, 21), (4, 250910), (4, 250910), (5, 19), (5, 21), (5, 21), (5, 250910), (5, 250910), (6, 19), (6, 21), (6, 21), (6, 250910), (6, 250910), (7, 19), (7, 21), (7, 21), (7, 250910), (7, 250910), (8, 21), (8, 21), (8, 19), (8, 250910), (8, 250910), (9, 19), (9, 21), (9, 21), (9, 250910), (9, 250910), (10, 21), (10, 21), (10, 250910), (10, 19), (10, 250910), (11, 21), (11, 19), (11, 250910), (11, 21), (11, 250910), (12, 21), (12, 19), (12, 21), (12, 250910), (12, 250910), (13, 21), (13, 21), (13, 250910), (13, 250910), (13, 19), (14, 21), (14, 250910), (14, 19), (14, 21), (14, 250910), (15, 21), (15, 19), (15, 250910), (15, 21), (15, 250910), (16, 19), (16, 21), (16, 250910), (16, 21), (16, 250910), (16, 21), (16, 250910), (16, 21), (16, 250910), (16, 21), (16, 250910)]


Information from Client_2:

Signals: ['Skip', 'Update', 'Update', 'Update', 'Update', 'Update', 'Skip', 'Update', 'Skip', 'Update', 'Update', 'Skip', 'Update', 'Update', 'Update', 'Finish', None]
Data distribution: [(3, 628), (4, 1006), (5, 32), (6, 275), (7, 1036), (8, 355)]
Accuracy: [0.30192076830732295, 0.30192076830732295, 0.30192076830732295, 0.3859543817527011, 0.4024609843937575, 0.4024609843937575, 0.36494597839135656, 0.33883553421368545, 0.3709483793517407, 0.36014405762304924, 0.36584633853541415, 0.40756302521008403, 0.39765906362545017, 0.40066026410564226, 0.3697478991596639, 0.36584633853541415, 0.35084033613445376, 0.35414165666266506, 0.36584633853541415, 0.3787515006002401, 0.39135654261704683, 0.3415366146458583, 0.4459783913565426, 0.4030612244897959, 0.33613445378151263, 0.4192677070828331, 0.4258703481392557, 0.38415366146458585, 0.37755102040816324, 0.3793517406962785, 0.40816326530612246, 0.484093637454982, 0.42436974789915966]
Loss: [1.5372956901226404, 1.5464308824179307, 1.5409743628411923, 1.4446752813627135, 1.417575813689322, 1.3369180976219897, 1.364190234328216, 1.46100245106895, 1.3488133515951768, 1.3838790351489805, 1.4282423932597321, 1.3256858947142116, 1.3826087578287665, 1.3543719795514952, 1.3576819199436116, 1.4101131614649072, 1.443319484872638, 1.4028365679506987, 1.379913161385734, 1.3461114662998128, 1.3503252042914338, 1.4535704446288775, 1.333023192747584, 1.4054781805794194, 1.5101074115285333, 1.3332528843069977, 1.3179465892179958, 1.3359987465840466, 1.3738850737517734, 1.3477895687211234, 1.335647648235537, 1.3025582286546815, 1.3487541293198209]
Received data: [(0, 22), (0, 9996), (0, 612), (0, 252617), (0, 19), (0, 21), (0, 250910), (1, 21), (1, 250910), (2, 21), (2, 250910), (3, 21), (3, 250910), (4, 21), (4, 250910), (5, 19), (5, 21), (5, 250910), (6, 19), (6, 21), (6, 250910), (7, 21), (7, 250910), (8, 19), (8, 21), (8, 250910), (9, 21), (9, 250910), (10, 21), (10, 250910), (11, 21), (11, 250910)]
Send data: [(0, 23), (0, 250910), (1, 250910), (2, 250910), (3, 250910), (4, 250910), (5, 250910), (5, 250910), (6, 250910), (6, 250910), (7, 250910), (8, 250910), (8, 250910), (9, 250910), (10, 250910), (11, 250910)]
Strategies (if used): ['Strategy 1', 'Strategy 1', 'Strategy 1', 'Strategy 1', 'Strategy 1', 'Strategy 2', 'Strategy 2', 'Strategy 2', 'Strategy 1', 'Strategy 2', 'Strategy 2']


Information from Client_1:

Signals: ['Update', 'Update', 'Update', 'Skip', 'Skip', 'Skip', 'Update', 'Skip', 'Update', 'Update', 'Update', 'Update', 'Update', 'Update', 'Skip', 'Finish', None]
Data distribution: [(0, 977), (1, 689), (5, 990), (6, 676)]
Accuracy: [0.6143457382953181, 0.6275510204081632, 0.6014405762304922, 0.5468187274909964, 0.6686674669867947, 0.6308523409363745, 0.512905162064826, 0.593937575030012, 0.4642857142857143, 0.5093037214885955, 0.5456182472989196, 0.5681272509003601, 0.5378151260504201, 0.581032412965186, 0.6065426170468188, 0.45918367346938777, 0.5213085234093637, 0.5582232893157263, 0.6080432172869148, 0.6077430972388955, 0.6005402160864346, 0.4852941176470588, 0.6092436974789915, 0.6137454981992797, 0.49309723889555823, 0.5783313325330132, 0.6281512605042017, 0.6425570228091236, 0.6182472989195679, 0.7202881152460985]
Loss: [0.9403395157939983, 0.8985205101517012, 1.0016040340909418, 1.0722810288645186, 0.8102971810214924, 0.8529233066540844, 1.0005514430549909, 0.902290772716954, 1.2347951250256233, 1.1350509344406847, 0.9917278756510537, 0.89901668733021, 1.0448226636310793, 0.8994290918674109, 0.81975841465986, 1.123336708770608, 0.9109230851227382, 1.0647920223901857, 0.8616724036774546, 0.9896782726611731, 0.8572048376191337, 1.0149566902304596, 0.8572274277795036, 0.8572022712455606, 1.1305974980570235, 1.117917352127579, 0.8167161874051364, 0.893107330461718, 0.8209030751912099, 0.6875864132395331]
Received data: [(0, 22), (0, 9998), (0, 612), (0, 252617), (0, 21), (0, 250910), (1, 21), (1, 250910), (2, 21), (2, 250910), (3, 19), (3, 19), (3, 19), (3, 21), (3, 250910), (4, 19), (4, 21), (4, 250910), (5, 21), (5, 250910), (6, 21), (6, 250910), (7, 21), (7, 250910), (8, 21), (8, 250910), (9, 21), (9, 250910), (10, 19), (10, 21), (10, 250910)]
Send data: [(0, 23), (1, 250910), (2, 250910), (3, 250910), (3, 250910), (3, 250910), (3, 250910), (4, 250910), (4, 250910), (5, 250910), (6, 250910), (7, 250910), (8, 250910), (9, 250910), (10, 250910), (10, 250910)]
Strategies (if used): ['Strategy 2', 'Strategy 2', 'Strategy 2', 'Strategy 2', 'Strategy 2', 'Strategy 2', 'Strategy 2', 'Strategy 2', 'Strategy 2', 'Strategy 2']


Information from Client_3:

Signals: ['Update', 'Skip', 'Skip', 'Update', 'Update', 'Update', 'Update', 'Update', 'Update', 'Skip', 'Skip', 'Update', 'Skip', 'Skip', 'Update', 'Finish', None]
Data distribution: [(1, 316), (2, 982), (3, 368), (8, 699), (9, 967)]
Accuracy: [0.460984393757503, 0.5279111644657863, 0.5450180072028812, 0.45528211284513803, 0.46638655462184875, 0.5447178871548619, 0.4639855942376951, 0.5036014405762305, 0.4960984393757503, 0.46008403361344535, 0.5684273709483794, 0.5852340936374549, 0.5459183673469388, 0.5813325330132053, 0.5504201680672269, 0.5516206482593037, 0.4375750300120048, 0.6020408163265306, 0.5672268907563025, 0.5867346938775511, 0.6050420168067226, 0.5105042016806722, 0.5843337334933973, 0.6074429771908764, 0.5492196878751501, 0.5801320528211285, 0.4636854741896759]
Loss: [1.5133655948458977, 1.2150387269146037, 1.1362732660095647, 1.7764381597626884, 1.305703509528682, 1.1546659638296883, 1.3456476027110837, 1.4257149179026765, 1.2622086124600105, 1.3225428405797706, 1.1408249038570333, 1.0649838110186018, 1.1764365389661968, 1.0952650938393935, 1.1646207897168286, 1.1766071713195656, 1.350226103134875, 1.0261207009261508, 1.1370558018954295, 1.113247814043513, 1.0232430561533514, 1.2994859567228354, 1.137916643664522, 1.0163760230226337, 1.154689906903033, 1.0693700234845, 1.3745087835023988]
Received data: [(0, 22), (0, 10005), (0, 612), (0, 252617), (0, 21), (0, 250910), (1, 19), (1, 19), (1, 21), (1, 250910), (2, 21), (2, 250910), (3, 21), (3, 250910), (4, 21), (4, 250910), (5, 21), (5, 250910), (6, 21), (6, 250910), (7, 19), (7, 19), (7, 21), (7, 250910), (8, 19), (8, 19), (8, 21), (8, 250910), (9, 21), (9, 250910)]
Send data: [(0, 23), (1, 250910), (1, 250910), (1, 250910), (2, 250910), (3, 250910), (4, 250910), (5, 250910), (6, 250910), (7, 250910), (7, 250910), (7, 250910), (8, 250910), (8, 250910), (8, 250910), (9, 250910)]
Strategies (if used): ['Strategy 1', 'Strategy 2', 'Strategy 2', 'Strategy 2', 'Strategy 2', 'Strategy 2', 'Strategy 2', 'Strategy 2', 'Strategy 2']


Duration: 112 minutes 46 seconds
