The following training was conducted:

C: 0.8
K: 3
R: 5
E: 3
B: 64
optimizer: <class 'torch.optim.adam.Adam'>
criterion: CrossEntropyLoss()
lr: 0.01
data_name: MNIST
shards_each: 2
ternary: True
personalized: True
iid: False
model: <class 'models.Net_2_Q'>
LESS_DATA: 1000
SERVER_TEST_SIZE: 1000
SERVER_TRAIN_SIZE: 100


Information from Server:

Accuracy: [0.12, 0.18, 0.26, 0.13, 0.15]
Loss: [2.5273746252059937, 2.1597732305526733, 2.7590373754501343, 2.7146319150924683, 2.50300669670105]
Received data: [(1, 23), (1, 23), (1, 23), (2, 117229), (2, 117229), (2, 117229), (3, 117229), (3, 117229), (3, 117229), (4, 117229), (4, 117229), (4, 117229), (5, 117229), (5, 117229), (5, 117229), (6, 117229), (6, 117229), (6, 117229)]
Send data: [(1, 20), (1, 1010), (1, 610), (1, 118793), (1, 20), (1, 1012), (1, 610), (1, 118793), (1, 20), (1, 1010), (1, 610), (1, 118793), (2, 21), (2, 117229), (2, 19), (2, 21), (2, 117229), (3, 19), (3, 21), (3, 21), (3, 117229), (3, 117229), (4, 19), (4, 21), (4, 117229), (4, 21), (4, 117229), (5, 21), (5, 21), (5, 19), (5, 117229), (5, 117229), (6, 21), (6, 19), (6, 117229), (6, 21), (6, 117229), (6, 21), (6, 117229), (6, 21), (6, 117229), (6, 21), (6, 117229)]


Information from Client_1:

Signals: ['Update', 'Skip', 'Skip', 'Update', 'Update', 'Finish', None]
Data distribution: [(2, 16), (3, 96), (4, 54), (8, 68), (9, 98)]
Accuracy: [0.29518072289156627, 0.572289156626506, 0.7710843373493976, 0.5, 0.8614457831325302, 0.9427710843373494, 0.6445783132530121, 0.9186746987951807, 0.9668674698795181]
Loss: [1.8481830954551697, 1.3144210775693257, 0.7405142486095428, 1.0405626495679219, 0.5198608587185541, 0.1793494994441668, 0.8698291182518005, 0.344085472325484, 0.10168581083416939]
Received data: [(0, 20), (0, 1010), (0, 610), (0, 118793), (0, 21), (0, 117229), (1, 19), (1, 19), (1, 21), (1, 117229), (2, 21), (2, 117229), (3, 21), (3, 117229)]
Send data: [(0, 23), (1, 117229), (1, 117229), (1, 117229), (2, 117229), (3, 117229)]
Strategies (if used): ['Strategy 2', 'Strategy 1', 'Strategy 2']


Information from Client_3:

Signals: ['Update', 'Update', 'Update', 'Skip', 'Update', 'Finish', None]
Data distribution: [(0, 117), (1, 49), (4, 31), (5, 84), (6, 51)]
Accuracy: [0.4307228915662651, 0.8795180722891566, 0.8704819277108434, 0.8885542168674698, 0.9608433734939759, 0.9728915662650602, 0.8102409638554217, 0.9518072289156626, 0.9849397590361446, 0.9156626506024096, 0.9698795180722891, 0.9909638554216867]
Loss: [1.107496400674184, 0.31990350037813187, 0.6671625251571337, 0.3798881570498149, 0.11210108051697414, 0.09513423886771004, 0.5274476210276285, 0.24190739914774895, 0.04935401367644469, 0.26206933955351513, 0.06641653459519148, 0.02649078657850623]
Received data: [(0, 20), (0, 1010), (0, 610), (0, 118793), (0, 21), (0, 117229), (1, 21), (1, 117229), (2, 21), (2, 117229), (3, 19), (3, 21), (3, 117229), (4, 21), (4, 117229)]
Send data: [(0, 23), (1, 117229), (2, 117229), (3, 117229), (3, 117229), (4, 117229)]
Strategies (if used): ['Strategy 2', 'Strategy 1', 'Strategy 1', 'Strategy 1']


Information from Client_2:

Signals: ['Skip', 'Update', 'Update', 'Update', 'Skip', 'Finish', None]
Data distribution: [(1, 71), (2, 95), (6, 43), (7, 102), (8, 21)]
Accuracy: [0.8855421686746988, 0.9668674698795181, 0.9819277108433735, 0.8825301204819277, 0.9578313253012049, 0.9879518072289156, 0.8283132530120482, 0.9246987951807228, 0.9728915662650602]
Loss: [0.3339453612764676, 0.09403503996630509, 0.05784907968093952, 0.4535633573929469, 0.1051039199034373, 0.036103707583000265, 0.5583618531624476, 0.2137043128410975, 0.07228835082302491]
Received data: [(0, 20), (0, 1012), (0, 610), (0, 118793), (0, 19), (0, 21), (0, 117229), (1, 21), (1, 117229), (2, 21), (2, 117229), (3, 19), (3, 21), (3, 117229)]
Send data: [(0, 23), (0, 117229), (1, 117229), (2, 117229), (3, 117229), (3, 117229)]
Strategies (if used): ['Strategy 2', 'Strategy 1', 'Strategy 2']


Duration: 31 minutes 27 seconds
