The following training was conducted:

C: 0.8
K: 3
R: 15
E: 3
B: 64
optimizer: <class 'torch.optim.adam.Adam'>
criterion: CrossEntropyLoss()
lr: 0.01
data_name: CIFAR10
iid: True
shards_each: 2
ternary: False
personalized: True
model: <class 'models.Net_4'>
LESS_DATA: 10000
SERVER_TEST_SIZE: 1000
SERVER_TRAIN_SIZE: 1000


Information from Server:

Accuracy: [0.098, 0.102, 0.159, 0.109, 0.029, 0.028, 0.104, 0.132, 0.044, 0.058, 0.036, 0.11, 0.067, 0.096, 0.092]
Loss: [2.333642393350601, 2.3751095682382584, 2.3129089176654816, 2.34992578625679, 2.4044580906629562, 2.623998925089836, 2.484541431069374, 2.203784868121147, 2.5796069651842117, 2.3582635670900345, 2.5177970230579376, 2.3353825956583023, 2.3778790831565857, 2.4097657799720764, 2.439128428697586]
Received data: [(1, 23), (1, 23), (1, 23), (2, 250910), (2, 250910), (2, 250910), (3, 250910), (3, 250910), (3, 250910), (4, 250910), (4, 250910), (4, 250910), (5, 250910), (5, 250910), (5, 250910), (6, 250910), (6, 250910), (6, 250910), (7, 250910), (7, 250910), (7, 250910), (8, 250910), (8, 250910), (8, 250910), (9, 250910), (9, 250910), (9, 250910), (10, 250910), (10, 250910), (10, 250910), (11, 250910), (11, 250910), (11, 250910), (12, 250910), (12, 250910), (12, 250910), (13, 250910), (13, 250910), (13, 250910), (14, 250910), (14, 250910), (14, 250910), (15, 250910), (15, 250910), (15, 250910), (16, 250910), (16, 250910), (16, 250910)]
Send data: [(1, 22), (1, 26815), (1, 612), (1, 252617), (1, 22), (1, 26815), (1, 612), (1, 252617), (1, 22), (1, 26815), (1, 612), (1, 252617), (2, 21), (2, 21), (2, 19), (2, 250910), (2, 250910), (3, 19), (3, 21), (3, 250910), (3, 21), (3, 250910), (4, 21), (4, 19), (4, 250910), (4, 21), (4, 250910), (5, 19), (5, 21), (5, 21), (5, 250910), (5, 250910), (6, 21), (6, 21), (6, 19), (6, 250910), (6, 250910), (7, 21), (7, 19), (7, 21), (7, 250910), (7, 250910), (8, 21), (8, 19), (8, 250910), (8, 21), (8, 250910), (9, 19), (9, 21), (9, 21), (9, 250910), (9, 250910), (10, 21), (10, 21), (10, 19), (10, 250910), (10, 250910), (11, 21), (11, 21), (11, 19), (11, 250910), (11, 250910), (12, 21), (12, 19), (12, 21), (12, 250910), (12, 250910), (13, 19), (13, 21), (13, 21), (13, 250910), (13, 250910), (14, 19), (14, 21), (14, 250910), (14, 21), (14, 250910), (15, 21), (15, 19), (15, 250910), (15, 21), (15, 250910), (16, 21), (16, 19), (16, 250910), (16, 21), (16, 250910), (16, 21), (16, 250910), (16, 21), (16, 250910), (16, 21), (16, 250910)]


Information from Client_2:

Signals: ['Update', 'Update', 'Skip', 'Update', 'Update', 'Skip', 'Skip', 'Update', 'Update', 'Update', 'Skip', 'Update', 'Update', 'Skip', 'Skip', 'Finish', None]
Data distribution: [(0, 351), (1, 337), (2, 325), (3, 326), (4, 305), (5, 316), (6, 346), (7, 351), (8, 346), (9, 330)]
Accuracy: [0.186018601860186, 0.28802880288028804, 0.27362736273627364, 0.2502250225022502, 0.2538253825382538, 0.22802280228022803, 0.2715271527152715, 0.2832283228322832, 0.30063006300630063, 0.2004200420042004, 0.28682868286828683, 0.30543054305430545, 0.22922292229222924, 0.2733273327332733, 0.25172517251725174, 0.207020702070207, 0.26432643264326433, 0.3183318331833183, 0.17431743174317432, 0.24992499249924993, 0.3102310231023102, 0.30723072307230725, 0.33423342334233425, 0.3483348334833483, 0.21092109210921092, 0.3483348334833483, 0.29312931293129313]
Loss: [2.32078451930352, 1.9097211428408354, 1.9010414155024402, 1.9866141665656611, 1.899084765956087, 2.115745481455101, 1.956613540649414, 1.8618262061532938, 1.8713746340769641, 2.0083915872393914, 1.8945232022483394, 1.8426553325833015, 2.038155434266576, 1.9705282337260697, 2.893861842605303, 2.1368481842976697, 1.9646980110204444, 1.8223458573503315, 2.181783919064504, 2.009366804698728, 1.868063083234823, 1.9023867103288759, 1.8438983795777806, 1.7660594166449781, 2.3997949946601436, 1.755482055106253, 1.8444540005809855]
Received data: [(0, 22), (0, 26815), (0, 612), (0, 252617), (0, 21), (0, 250910), (1, 21), (1, 250910), (2, 19), (2, 21), (2, 250910), (3, 21), (3, 250910), (4, 19), (4, 19), (4, 21), (4, 250910), (5, 21), (5, 250910), (6, 21), (6, 250910), (7, 19), (7, 21), (7, 250910), (8, 21), (8, 250910), (9, 19), (9, 19), (9, 21), (9, 250910)]
Send data: [(0, 23), (1, 250910), (2, 250910), (2, 250910), (3, 250910), (4, 250910), (4, 250910), (4, 250910), (5, 250910), (6, 250910), (7, 250910), (7, 250910), (8, 250910), (9, 250910), (9, 250910), (9, 250910)]
Strategies (if used): []


Information from Client_3:

Signals: ['Skip', 'Update', 'Update', 'Update', 'Skip', 'Update', 'Update', 'Update', 'Skip', 'Skip', 'Update', 'Update', 'Update', 'Update', 'Update', 'Finish', None]
Data distribution: [(0, 339), (1, 333), (2, 367), (3, 310), (4, 338), (5, 336), (6, 336), (7, 333), (8, 325), (9, 316)]
Accuracy: [0.17371737173717372, 0.2232223222322232, 0.2445244524452445, 0.22472247224722472, 0.19471947194719472, 0.2082208220822082, 0.18991899189918993, 0.2727272727272727, 0.23672367236723674, 0.24122412241224123, 0.30243024302430244, 0.32163216321632165, 0.16651665166516652, 0.2859285928592859, 0.2664266426642664, 0.27302730273027304, 0.2607260726072607, 0.27872787278727873, 0.294029402940294, 0.32553255325532554, 0.32373237323732373, 0.19171917191719173, 0.2559255925592559, 0.27302730273027304, 0.27932793279327933, 0.3165316531653165, 0.27302730273027304, 0.30603060306030605, 0.29552955295529554, 0.27992799279927993, 0.31923192319231924, 0.34623462346234624, 0.36363636363636365]
Loss: [2.171151840461875, 2.077497160659646, 2.153285271716568, 2.0171123563118702, 2.039294373314336, 1.993175097231595, 2.067143057877163, 1.9677537454749054, 1.9438372355587077, 1.9407915146845691, 1.8262306969120818, 1.8777174387338027, 2.2150045295931258, 1.8914503466408208, 1.8684142220695064, 1.898481749138742, 1.9243331247905515, 1.9047994771093693, 1.8806284171230387, 1.8095384566289074, 1.7851972512479097, 2.110246865254528, 1.9198420700037255, 2.2272482818027712, 1.8610380393154216, 1.7701626678682723, 2.017084204925681, 1.8230020257661927, 1.8890732909148593, 1.8386994712757614, 1.8350431514236163, 1.8408214236205478, 1.6975967074340244]
Received data: [(0, 22), (0, 26815), (0, 612), (0, 252617), (0, 19), (0, 21), (0, 250910), (1, 21), (1, 250910), (2, 21), (2, 250910), (3, 19), (3, 21), (3, 250910), (4, 21), (4, 250910), (5, 21), (5, 250910), (6, 19), (6, 19), (6, 21), (6, 250910), (7, 21), (7, 250910), (8, 21), (8, 250910), (9, 21), (9, 250910), (10, 21), (10, 250910), (11, 21), (11, 250910)]
Send data: [(0, 23), (0, 250910), (1, 250910), (2, 250910), (3, 250910), (3, 250910), (4, 250910), (5, 250910), (6, 250910), (6, 250910), (6, 250910), (7, 250910), (8, 250910), (9, 250910), (10, 250910), (11, 250910)]
Strategies (if used): []


Information from Client_1:

Signals: ['Update', 'Skip', 'Update', 'Skip', 'Update', 'Update', 'Update', 'Skip', 'Update', 'Update', 'Update', 'Skip', 'Skip', 'Update', 'Update', 'Finish', None]
Data distribution: [(0, 321), (1, 332), (2, 359), (3, 331), (4, 316), (5, 319), (6, 337), (7, 346), (8, 349), (9, 323)]
Accuracy: [0.1623162316231623, 0.1863186318631863, 0.20312031203120312, 0.2631263126312631, 0.285028502850285, 0.3021302130213021, 0.27002700270027, 0.24602460246024602, 0.2781278127812781, 0.2607260726072607, 0.2601260126012601, 0.3108310831083108, 0.2445244524452445, 0.29282928292829286, 0.32043204320432045, 0.2769276927692769, 0.3171317131713171, 0.29372937293729373, 0.28112811281128114, 0.26162616261626165, 0.2814281428142814, 0.2784278427842784, 0.31533153315331536, 0.3309330933093309, 0.28982898289828984, 0.23672367236723674, 0.36543654365436545, 0.21692169216921692, 0.26042604260426044, 0.309030903090309]
Loss: [2.3890474157513313, 2.0173491374501644, 2.035754140817894, 1.9746133179034826, 1.8985126805755328, 1.854900965150797, 1.9681010538677, 2.394684721838753, 1.8543324155627556, 1.8750488960518028, 2.1094197012343496, 1.849674161875023, 2.2843110831278675, 1.864719568558459, 1.7973171360087845, 1.9350329547558192, 1.8113871880297392, 1.8468074888553259, 1.9258792040483006, 1.958621785325824, 1.8543151774496403, 1.9783706665039062, 1.789784089574274, 1.7221290750323601, 1.8645160625565727, 2.340326561118072, 1.698891282081604, 1.9947269570152715, 1.966516080892311, 1.863817496119805]
Received data: [(0, 22), (0, 26815), (0, 612), (0, 252617), (0, 21), (0, 250910), (1, 19), (1, 21), (1, 250910), (2, 19), (2, 21), (2, 250910), (3, 21), (3, 250910), (4, 21), (4, 250910), (5, 19), (5, 21), (5, 250910), (6, 21), (6, 250910), (7, 21), (7, 250910), (8, 19), (8, 19), (8, 21), (8, 250910), (9, 21), (9, 250910), (10, 21), (10, 250910)]
Send data: [(0, 23), (1, 250910), (1, 250910), (2, 250910), (2, 250910), (3, 250910), (4, 250910), (5, 250910), (5, 250910), (6, 250910), (7, 250910), (8, 250910), (8, 250910), (8, 250910), (9, 250910), (10, 250910)]
Strategies (if used): []


Duration: 84 minutes 59 seconds
