The following training was conducted:

C: 0.8
K: 3
R: 50
E: 3
B: 64
optimizer: <class 'torch.optim.adam.Adam'>
criterion: CrossEntropyLoss()
lr: 0.01
data_name: MNIST
shards_each: 2
ternary: False
personalized: False
iid: False
model: <class 'models.Net_2'>
LESS_DATA: 1000
SERVER_TEST_SIZE: 1000
SERVER_TRAIN_SIZE: 100


Information from Server:

Accuracy: [0.2, 0.23, 0.42, 0.53, 0.52, 0.61, 0.76, 0.85, 0.86, 0.83, 0.85, 0.85, 0.87, 0.9, 0.87, 0.87, 0.88, 0.87, 0.84, 0.88, 0.84, 0.89, 0.88, 0.89, 0.88, 0.86, 0.82, 0.92, 0.85, 0.9, 0.93, 0.91, 0.86, 0.91, 0.86, 0.88, 0.9, 0.93, 0.91, 0.92, 0.9, 0.93, 0.91, 0.88, 0.85, 0.95, 0.91, 0.89, 0.92, 0.92]
Loss: [2.284642219543457, 2.282291889190674, 2.2309573888778687, 1.598251760005951, 2.1263667941093445, 1.2181440889835358, 0.7609778940677643, 0.7322320342063904, 0.5418965965509415, 0.6405635178089142, 0.7411686182022095, 0.664487212896347, 0.41545987129211426, 0.31316449493169785, 0.49329155683517456, 0.6222702413797379, 0.531804770231247, 0.5451072454452515, 0.7361401319503784, 0.6448368430137634, 0.8807344436645508, 0.726531982421875, 0.7800636440515518, 0.5797461420297623, 0.7725094109773636, 0.6052562594413757, 1.1530572772026062, 0.5612229406833649, 0.8338025510311127, 0.7336488664150238, 0.46434688568115234, 0.7860036492347717, 0.8122147619724274, 0.9139062166213989, 1.3752878308296204, 0.7653780281543732, 0.6046639978885651, 0.4330002684146166, 0.5315806642174721, 0.5097165703773499, 0.8487822115421295, 0.6024101972579956, 0.5041505694389343, 0.8717491030693054, 0.7980214655399323, 0.5676788091659546, 0.7144598662853241, 1.0926557779312134, 0.845927432179451, 0.5555557310581207]
Received data: [(1, 23), (1, 23), (1, 23), (2, 117895), (2, 117895), (2, 117895), (3, 117895), (3, 117895), (3, 117895), (4, 117895), (4, 117895), (4, 117895), (5, 117895), (5, 117895), (5, 117895), (6, 117895), (6, 117895), (6, 117895), (7, 117895), (7, 117895), (7, 117895), (8, 117895), (8, 117895), (8, 117895), (9, 117895), (9, 117895), (9, 117895), (10, 117895), (10, 117895), (10, 117895), (11, 117895), (11, 117895), (11, 117895), (12, 117895), (12, 117895), (12, 117895), (13, 117895), (13, 117895), (13, 117895), (14, 117895), (14, 117895), (14, 117895), (15, 117895), (15, 117895), (15, 117895), (16, 117895), (16, 117895), (16, 117895), (17, 117895), (17, 117895), (17, 117895), (18, 117895), (18, 117895), (18, 117895), (19, 117895), (19, 117895), (19, 117895), (20, 117895), (20, 117895), (20, 117895), (21, 117895), (21, 117895), (21, 117895), (22, 117895), (22, 117895), (22, 117895), (23, 117895), (23, 117895), (23, 117895), (24, 117895), (24, 117895), (24, 117895), (25, 117895), (25, 117895), (25, 117895), (26, 117895), (26, 117895), (26, 117895), (27, 117895), (27, 117895), (27, 117895), (28, 117895), (28, 117895), (28, 117895), (29, 117895), (29, 117895), (29, 117895), (30, 117895), (30, 117895), (30, 117895), (31, 117895), (31, 117895), (31, 117895), (32, 117895), (32, 117895), (32, 117895), (33, 117895), (33, 117895), (33, 117895), (34, 117895), (34, 117895), (34, 117895), (35, 117895), (35, 117895), (35, 117895), (36, 117895), (36, 117895), (36, 117895), (37, 117895), (37, 117895), (37, 117895), (38, 117895), (38, 117895), (38, 117895), (39, 117895), (39, 117895), (39, 117895), (40, 117895), (40, 117895), (40, 117895), (41, 117895), (41, 117895), (41, 117895), (42, 117895), (42, 117895), (42, 117895), (43, 117895), (43, 117895), (43, 117895), (44, 117895), (44, 117895), (44, 117895), (45, 117895), (45, 117895), (45, 117895), (46, 117895), (46, 117895), (46, 117895), (47, 117895), (47, 117895), (47, 117895), (48, 117895), (48, 117895), (48, 117895), (49, 117895), (49, 117895), (49, 117895), (50, 117895), (50, 117895), (50, 117895), (51, 117895), (51, 117895), (51, 117895)]
Send data: [(1, 20), (1, 1009), (1, 610), (1, 119444), (1, 20), (1, 1011), (1, 610), (1, 119444), (1, 20), (1, 1011), (1, 610), (1, 119444), (2, 19), (2, 21), (2, 117895), (2, 21), (2, 117895), (3, 21), (3, 19), (3, 21), (3, 117895), (3, 117895), (4, 21), (4, 19), (4, 21), (4, 117895), (4, 117895), (5, 21), (5, 19), (5, 21), (5, 117895), (5, 117895), (6, 21), (6, 21), (6, 19), (6, 117895), (6, 117895), (7, 19), (7, 21), (7, 21), (7, 117895), (7, 117895), (8, 21), (8, 21), (8, 117895), (8, 117895), (8, 19), (9, 19), (9, 21), (9, 21), (9, 117895), (9, 117895), (10, 19), (10, 21), (10, 21), (10, 117895), (10, 117895), (11, 21), (11, 21), (11, 117895), (11, 19), (11, 117895), (12, 21), (12, 19), (12, 21), (12, 117895), (12, 117895), (13, 19), (13, 21), (13, 117895), (13, 21), (13, 117895), (14, 21), (14, 19), (14, 21), (14, 117895), (14, 117895), (15, 19), (15, 21), (15, 21), (15, 117895), (15, 117895), (16, 21), (16, 21), (16, 117895), (16, 19), (16, 117895), (17, 21), (17, 21), (17, 19), (17, 117895), (17, 117895), (18, 21), (18, 117895), (18, 21), (18, 19), (18, 117895), (19, 21), (19, 19), (19, 21), (19, 117895), (19, 117895), (20, 21), (20, 19), (20, 21), (20, 117895), (20, 117895), (21, 19), (21, 21), (21, 21), (21, 117895), (21, 117895), (22, 19), (22, 21), (22, 21), (22, 117895), (22, 117895), (23, 21), (23, 21), (23, 117895), (23, 19), (23, 117895), (24, 21), (24, 19), (24, 21), (24, 117895), (24, 117895), (25, 19), (25, 21), (25, 21), (25, 117895), (25, 117895), (26, 19), (26, 21), (26, 21), (26, 117895), (26, 117895), (27, 21), (27, 21), (27, 117895), (27, 19), (27, 117895), (28, 21), (28, 21), (28, 117895), (28, 19), (28, 117895), (29, 19), (29, 21), (29, 21), (29, 117895), (29, 117895), (30, 19), (30, 21), (30, 117895), (30, 21), (30, 117895), (31, 21), (31, 117895), (31, 19), (31, 21), (31, 117895), (32, 21), (32, 21), (32, 19), (32, 117895), (32, 117895), (33, 19), (33, 21), (33, 21), (33, 117895), (33, 117895), (34, 21), (34, 117895), (34, 19), (34, 21), (34, 117895), (35, 21), (35, 21), (35, 117895), (35, 19), (35, 117895), (36, 21), (36, 19), (36, 117895), (36, 21), (36, 117895), (37, 21), (37, 21), (37, 117895), (37, 19), (37, 117895), (38, 19), (38, 21), (38, 21), (38, 117895), (38, 117895), (39, 21), (39, 21), (39, 117895), (39, 19), (39, 117895), (40, 21), (40, 21), (40, 117895), (40, 19), (40, 117895), (41, 21), (41, 21), (41, 19), (41, 117895), (41, 117895), (42, 19), (42, 21), (42, 21), (42, 117895), (42, 117895), (43, 21), (43, 21), (43, 117895), (43, 19), (43, 117895), (44, 21), (44, 19), (44, 21), (44, 117895), (44, 117895), (45, 19), (45, 21), (45, 21), (45, 117895), (45, 117895), (46, 19), (46, 21), (46, 21), (46, 117895), (46, 117895), (47, 21), (47, 21), (47, 117895), (47, 19), (47, 117895), (48, 21), (48, 19), (48, 21), (48, 117895), (48, 117895), (49, 19), (49, 21), (49, 21), (49, 117895), (49, 117895), (50, 21), (50, 21), (50, 117895), (50, 19), (50, 117895), (51, 21), (51, 19), (51, 117895), (51, 21), (51, 117895), (51, 21), (51, 117895), (51, 21), (51, 117895), (51, 21), (51, 117895)]


Information from Client_3:

Signals: ['Update', 'Update', 'Update', 'Update', 'Skip', 'Update', 'Skip', 'Update', 'Update', 'Skip', 'Update', 'Update', 'Update', 'Update', 'Skip', 'Skip', 'Skip', 'Update', 'Update', 'Update', 'Update', 'Skip', 'Update', 'Update', 'Update', 'Skip', 'Skip', 'Update', 'Update', 'Update', 'Skip', 'Update', 'Update', 'Skip', 'Update', 'Skip', 'Update', 'Skip', 'Skip', 'Skip', 'Update', 'Skip', 'Update', 'Update', 'Update', 'Skip', 'Update', 'Update', 'Skip', 'Update', 'Finish', None]
Data distribution: [(3, 102), (4, 64), (8, 81), (9, 85)]
Accuracy: [0.6807228915662651, 0.8463855421686747, 0.9036144578313253, 0.8343373493975904, 0.9337349397590361, 0.9397590361445783, 0.8674698795180723, 0.9096385542168675, 0.9367469879518072, 0.8765060240963856, 0.8885542168674698, 0.9608433734939759, 0.9578313253012049, 0.9518072289156626, 0.9849397590361446, 0.9759036144578314, 0.9698795180722891, 0.9969879518072289, 0.9759036144578314, 0.9849397590361446, 0.9939759036144579, 0.9909638554216867, 0.9759036144578314, 0.9789156626506024, 1.0, 0.9789156626506024, 0.9698795180722891, 0.9969879518072289, 1.0, 0.9969879518072289, 0.9969879518072289, 0.9819277108433735, 1.0, 0.9909638554216867, 0.9789156626506024, 0.9879518072289156, 0.9819277108433735, 1.0, 1.0, 0.9819277108433735, 0.9969879518072289, 1.0, 0.9909638554216867, 0.9969879518072289, 1.0, 0.9969879518072289, 1.0, 1.0, 0.9969879518072289, 0.9939759036144579, 1.0, 0.9698795180722891, 0.9728915662650602, 0.9909638554216867, 1.0, 0.9879518072289156, 1.0, 0.9969879518072289, 1.0, 0.9909638554216867, 0.9969879518072289, 0.9939759036144579, 1.0, 0.9969879518072289, 0.9879518072289156, 1.0, 1.0, 0.9969879518072289, 0.9879518072289156, 0.9969879518072289, 0.9969879518072289, 1.0, 0.9939759036144579, 1.0, 1.0, 1.0, 1.0, 0.9819277108433735, 1.0, 1.0, 0.9909638554216867, 1.0, 1.0, 1.0, 0.9849397590361446, 1.0, 1.0, 0.9969879518072289, 0.9969879518072289, 0.9939759036144579, 1.0, 1.0, 1.0, 0.9969879518072289, 1.0, 1.0]
Loss: [0.9532535473505656, 0.36814406886696815, 0.24786615620056787, 0.4297073682149251, 0.21025011564294496, 0.1763463206589222, 0.5290562659502029, 0.27886753777662915, 0.25064852957924205, 0.31998638808727264, 0.3346468508243561, 0.22605331242084503, 0.16793601835767427, 0.1090189591050148, 0.040936788592565186, 0.05702118971385062, 0.06866557073468964, 0.010266056497736523, 0.11980614811182022, 0.019685344502856122, 0.028793456847779453, 0.023408108778918784, 0.046127917089809976, 0.08370056779434283, 0.008210297809758535, 0.037832943988784486, 0.09061374329030514, 0.010667315955894688, 0.006010148160081978, 0.014905868127243593, 0.012447290238924325, 0.08449170055488746, 0.002922186792905753, 0.01748697878792882, 0.058054886304792795, 0.02078311964578461, 0.023361959572260577, 0.0005820231769243142, 0.0012296962643934724, 0.03256873451755382, 0.00857407903663443, 0.0021833350037923083, 0.03481327975002083, 0.0047487306447161854, 0.0022285317293911553, 0.007471761897856292, 0.001027327831858808, 0.0019810547601082362, 0.0031059577595442533, 0.007404288213858005, 0.00012063227831996907, 0.09098606463521719, 0.10465464074347135, 0.06447329809088842, 0.00032720085490230605, 0.03665071711778486, 0.002519061332956577, 0.009659765263980566, 0.0008487934477739619, 0.022011925020099927, 0.012250362722018812, 0.013992802653471395, 0.0005586793310309682, 0.002582380862198382, 0.024975761577176552, 0.0005987165436636133, 0.0002552677906351164, 0.004670206842395608, 0.02659505135746561, 0.009144704777402998, 0.007803103673116614, 0.0003092327882920169, 0.00626642506904318, 0.001238386262533216, 0.008756212335924829, 2.472864970097059e-05, 0.0009769632271196353, 0.156352660068895, 9.994183689817268e-06, 0.00039971500794422354, 0.05396916259564932, 0.00035148820187203, 0.0011436490409929927, 0.0004932988951319809, 0.06377523070023017, 9.938466309774205e-06, 7.545791945654893e-06, 0.03857783306329784, 0.008597784397879948, 0.017884702147663727, 8.86197786294692e-05, 3.139857441662267e-05, 0.00036141455075267004, 0.002778731519924804, 0.0005190303642545283, 0.0022080298513174057]
Received data: [(0, 20), (0, 1011), (0, 610), (0, 119444), (0, 21), (0, 117895), (1, 21), (1, 117895), (2, 21), (2, 117895), (3, 21), (3, 117895), (4, 19), (4, 21), (4, 117895), (5, 19), (5, 21), (5, 117895), (6, 21), (6, 117895), (7, 19), (7, 21), (7, 117895), (8, 21), (8, 117895), (9, 21), (9, 117895), (10, 21), (10, 117895), (11, 19), (11, 19), (11, 19), (11, 21), (11, 117895), (12, 21), (12, 117895), (13, 21), (13, 117895), (14, 21), (14, 117895), (15, 19), (15, 21), (15, 117895), (16, 21), (16, 117895), (17, 21), (17, 117895), (18, 19), (18, 19), (18, 21), (18, 117895), (19, 21), (19, 117895), (20, 21), (20, 117895), (21, 19), (21, 21), (21, 117895), (22, 21), (22, 117895), (23, 19), (23, 21), (23, 117895), (24, 19), (24, 21), (24, 117895), (25, 19), (25, 19), (25, 19), (25, 21), (25, 117895), (26, 19), (26, 21), (26, 117895), (27, 21), (27, 117895), (28, 21), (28, 117895), (29, 19), (29, 21), (29, 117895), (30, 21), (30, 117895), (31, 19), (31, 21), (31, 117895), (32, 21), (32, 117895)]
Send data: [(0, 23), (1, 117895), (2, 117895), (3, 117895), (4, 117895), (4, 117895), (5, 117895), (5, 117895), (6, 117895), (7, 117895), (7, 117895), (8, 117895), (9, 117895), (10, 117895), (11, 117895), (11, 117895), (11, 117895), (11, 117895), (12, 117895), (13, 117895), (14, 117895), (15, 117895), (15, 117895), (16, 117895), (17, 117895), (18, 117895), (18, 117895), (18, 117895), (19, 117895), (20, 117895), (21, 117895), (21, 117895), (22, 117895), (23, 117895), (23, 117895), (24, 117895), (24, 117895), (25, 117895), (25, 117895), (25, 117895), (25, 117895), (26, 117895), (26, 117895), (27, 117895), (28, 117895), (29, 117895), (29, 117895), (30, 117895), (31, 117895), (31, 117895), (32, 117895)]
Strategies (if used): []


Information from Client_1:

Signals: ['Skip', 'Update', 'Update', 'Update', 'Update', 'Skip', 'Update', 'Skip', 'Skip', 'Update', 'Update', 'Skip', 'Update', 'Skip', 'Update', 'Update', 'Update', 'Update', 'Update', 'Skip', 'Skip', 'Update', 'Update', 'Skip', 'Skip', 'Update', 'Update', 'Skip', 'Skip', 'Update', 'Update', 'Skip', 'Update', 'Update', 'Update', 'Update', 'Skip', 'Update', 'Update', 'Update', 'Skip', 'Update', 'Update', 'Skip', 'Skip', 'Update', 'Update', 'Skip', 'Update', 'Update', 'Finish', None]
Data distribution: [(0, 95), (1, 71), (6, 45), (7, 104), (8, 17)]
Accuracy: [0.21385542168674698, 0.21385542168674698, 0.21385542168674698, 0.7530120481927711, 0.9186746987951807, 0.9789156626506024, 0.9066265060240963, 0.9608433734939759, 0.9879518072289156, 0.9216867469879518, 0.9879518072289156, 0.9969879518072289, 0.9849397590361446, 1.0, 1.0, 0.9849397590361446, 0.9939759036144579, 1.0, 0.9969879518072289, 0.9969879518072289, 1.0, 0.9969879518072289, 0.9939759036144579, 0.9969879518072289, 1.0, 1.0, 1.0, 1.0, 1.0, 1.0, 0.9969879518072289, 1.0, 1.0, 1.0, 1.0, 0.9939759036144579, 0.9969879518072289, 0.9849397590361446, 1.0, 1.0, 1.0, 1.0, 0.9759036144578314, 0.9939759036144579, 1.0, 0.9969879518072289, 0.9969879518072289, 1.0, 1.0, 0.9969879518072289, 1.0, 1.0, 1.0, 1.0, 1.0, 1.0, 1.0, 1.0, 1.0, 1.0, 0.9909638554216867, 1.0, 0.9969879518072289, 1.0, 1.0, 1.0, 0.9969879518072289, 1.0, 1.0, 1.0, 1.0, 0.9969879518072289, 1.0, 1.0, 1.0, 1.0, 1.0, 1.0, 0.9879518072289156, 1.0, 1.0, 1.0, 1.0, 1.0, 1.0, 1.0, 0.9969879518072289, 1.0, 1.0, 0.9969879518072289, 0.9909638554216867, 1.0, 1.0, 1.0, 1.0, 1.0]
Loss: [2.251087705294291, 2.195113937060038, 2.1447741190592446, 1.7811103860537212, 0.2396970589955648, 0.057096426064769425, 0.35150762150684994, 0.10064118572821219, 0.030104728881269693, 0.2579106390476227, 0.05114858333642284, 0.010769165858315924, 0.04750817331175009, 0.007432684350836401, 0.002547966818383429, 0.038335420559936516, 0.010563474526861683, 0.0025642959032362946, 0.003725941242009867, 0.0024414710327012776, 0.00014023176072441856, 0.024862631185290713, 0.01408526862602836, 0.0027060486439343854, 0.00013675372307867897, 4.283217731426703e-05, 2.44792642926465e-05, 0.0007654476385899519, 2.0238872044349893e-05, 0.0007968179201422269, 0.017382219985139002, 0.0017205543951301177, 0.002345777650892463, 0.0017261133592114675, 0.0005443916437949762, 0.008526183393162986, 0.005445793182123755, 0.07224142345088087, 5.331958175247564e-05, 2.065591405120415e-05, 0.0003281919935034239, 4.99770999725276e-06, 0.11924167023971677, 0.016770840066480257, 0.0012234976863198337, 0.016967118573827673, 0.020902863470837474, 2.658660191112716e-05, 0.0003999668700392552, 0.0027725525275551868, 0.0013248871342928699, 0.0010491363785452752, 1.9929794262907308e-05, 0.00012475652962725312, 0.0011129164807925918, 0.00013155068202748885, 0.0013828433415059387, 4.075527923437979e-06, 7.234099542656007e-06, 0.00012482536034008618, 0.03322496530764359, 1.6931840741326216e-06, 0.0032527328302315675, 6.227157053710167e-07, 2.172873495938828e-05, 2.6976783329117165e-05, 0.006205553419363241, 6.471514376886016e-05, 0.00016369207516575557, 3.5760357719460956e-07, 0.0017864639881575901, 0.015879242276034173, 1.3715268494104057e-05, 3.1277752725600294e-06, 3.2109115810641242e-06, 0.00023185731081317348, 9.175221024430394e-07, 8.313978890080639e-06, 0.08690651754720118, 4.587342808252496e-05, 0.00018913994633370143, 4.327903413425815e-06, 5.069122015773549e-06, 2.4878890728293377e-06, 2.7390969548068966e-07, 1.8339848869194004e-05, 0.0037200300184281145, 3.402732928462863e-06, 2.9066534934507615e-07, 0.005123508473187914, 0.02952218490706097, 1.5746446405747367e-05, 1.7623986717415125e-06, 4.30675419652952e-06, 4.850118109356316e-06, 1.8936869831491048e-08]
Received data: [(0, 20), (0, 1009), (0, 610), (0, 119444), (0, 19), (0, 21), (0, 117895), (1, 21), (1, 117895), (2, 21), (2, 117895), (3, 21), (3, 117895), (4, 19), (4, 21), (4, 117895), (5, 19), (5, 19), (5, 21), (5, 117895), (6, 21), (6, 117895), (7, 19), (7, 21), (7, 117895), (8, 19), (8, 21), (8, 117895), (9, 21), (9, 117895), (10, 21), (10, 117895), (11, 21), (11, 117895), (12, 21), (12, 117895), (13, 19), (13, 19), (13, 21), (13, 117895), (14, 21), (14, 117895), (15, 19), (15, 19), (15, 21), (15, 117895), (16, 21), (16, 117895), (17, 19), (17, 19), (17, 21), (17, 117895), (18, 21), (18, 117895), (19, 19), (19, 21), (19, 117895), (20, 21), (20, 117895), (21, 21), (21, 117895), (22, 21), (22, 117895), (23, 19), (23, 21), (23, 117895), (24, 21), (24, 117895), (25, 21), (25, 117895), (26, 19), (26, 21), (26, 117895), (27, 21), (27, 117895), (28, 19), (28, 19), (28, 21), (28, 117895), (29, 21), (29, 117895), (30, 19), (30, 21), (30, 117895), (31, 21), (31, 117895), (32, 21), (32, 117895)]
Send data: [(0, 23), (0, 117895), (1, 117895), (2, 117895), (3, 117895), (4, 117895), (4, 117895), (5, 117895), (5, 117895), (5, 117895), (6, 117895), (7, 117895), (7, 117895), (8, 117895), (8, 117895), (9, 117895), (10, 117895), (11, 117895), (12, 117895), (13, 117895), (13, 117895), (13, 117895), (14, 117895), (15, 117895), (15, 117895), (15, 117895), (16, 117895), (17, 117895), (17, 117895), (17, 117895), (18, 117895), (19, 117895), (19, 117895), (20, 117895), (21, 117895), (22, 117895), (23, 117895), (23, 117895), (24, 117895), (25, 117895), (26, 117895), (26, 117895), (27, 117895), (28, 117895), (28, 117895), (28, 117895), (29, 117895), (30, 117895), (30, 117895), (31, 117895), (32, 117895)]
Strategies (if used): []


Information from Client_2:

Signals: ['Update', 'Skip', 'Skip', 'Skip', 'Update', 'Update', 'Update', 'Update', 'Update', 'Update', 'Skip', 'Update', 'Skip', 'Update', 'Update', 'Update', 'Update', 'Skip', 'Skip', 'Update', 'Update', 'Update', 'Skip', 'Update', 'Update', 'Update', 'Update', 'Update', 'Update', 'Skip', 'Update', 'Update', 'Skip', 'Update', 'Skip', 'Update', 'Update', 'Update', 'Update', 'Update', 'Update', 'Update', 'Skip', 'Update', 'Update', 'Update', 'Skip', 'Update', 'Update', 'Skip', 'Finish', None]
Data distribution: [(1, 51), (2, 93), (3, 22), (4, 25), (5, 89), (6, 52)]
Accuracy: [0.2680722891566265, 0.4397590361445783, 0.5060240963855421, 0.9156626506024096, 0.9608433734939759, 0.9909638554216867, 0.9246987951807228, 0.9789156626506024, 0.9969879518072289, 0.9939759036144579, 0.9819277108433735, 0.9969879518072289, 0.9969879518072289, 0.9879518072289156, 0.9969879518072289, 0.9578313253012049, 0.9849397590361446, 1.0, 0.9728915662650602, 0.9969879518072289, 0.9969879518072289, 0.9879518072289156, 0.9879518072289156, 0.9969879518072289, 1.0, 0.9548192771084337, 0.9909638554216867, 0.9789156626506024, 0.9939759036144579, 0.9969879518072289, 1.0, 1.0, 0.9819277108433735, 1.0, 0.9969879518072289, 1.0, 0.9969879518072289, 1.0, 0.9969879518072289, 0.9939759036144579, 1.0, 0.9969879518072289, 1.0, 1.0, 1.0, 0.9969879518072289, 0.9849397590361446, 0.9969879518072289, 1.0, 1.0, 1.0, 1.0, 0.9909638554216867, 1.0, 0.9819277108433735, 1.0, 1.0, 1.0, 0.9969879518072289, 0.9939759036144579, 0.9969879518072289, 0.9939759036144579, 1.0, 1.0, 1.0, 1.0, 0.9969879518072289, 1.0, 1.0, 0.9909638554216867, 1.0, 1.0, 0.9939759036144579, 1.0, 0.9969879518072289, 1.0, 1.0, 0.9969879518072289, 1.0, 1.0, 1.0, 0.9939759036144579, 1.0, 0.9969879518072289, 0.9698795180722891, 1.0, 0.9969879518072289, 0.9969879518072289, 1.0, 1.0, 0.9789156626506024, 1.0, 1.0, 1.0, 1.0, 1.0, 1.0, 1.0, 1.0, 1.0, 1.0, 1.0, 0.9969879518072289, 1.0, 0.9969879518072289, 1.0, 0.9969879518072289, 0.9909638554216867]
Loss: [1.9637351632118225, 1.619654377301534, 1.3104827006657918, 0.23785590132077536, 0.10814237501472235, 0.026607530230345827, 0.2237378458182017, 0.06048216468965014, 0.022895415003101032, 0.040638199696938195, 0.0332095775520429, 0.007428545621223748, 0.016072020148082327, 0.030317647149786353, 0.010752240583921472, 0.09143874794244766, 0.054897199695309006, 0.003909744516325493, 0.07643938887243469, 0.00609837737071454, 0.008828139144801147, 0.02684845185528199, 0.014976115694783706, 0.009884595230336876, 0.0003783083084272221, 0.19753390240172544, 0.013607516225116948, 0.06011108652455732, 0.026298798581895728, 0.019456463014497178, 0.0027789864734586445, 0.0009494601924870949, 0.05879403187524682, 0.001229136357627188, 0.004714246528844039, 0.0025163411827027935, 0.00754702463200374, 6.193722068322434e-05, 0.008967981701519356, 0.020055210242086712, 0.004276900149307039, 0.0037170542022719744, 0.001292084897310512, 3.359697266584286e-05, 0.0002471460411470616, 0.004803703086686539, 0.0649810915395695, 0.0033809094652355043, 0.00034643588074996973, 0.00041738540380720224, 1.556434285513812e-05, 1.531353051031914e-05, 0.030931828096072422, 3.1285444559140764e-05, 0.09218144013235967, 0.0011995748641311366, 0.001123618288450719, 7.074078851587728e-05, 0.004348623313035205, 0.04313702612701794, 0.024569543297516816, 0.046879374325802324, 4.542955426363922e-06, 0.00012478059709941647, 5.6395233391034104e-05, 1.2317898508603282e-06, 0.01198491139196752, 8.745926565945084e-05, 1.3307778704008122e-06, 0.015238326040019956, 7.510692802507417e-06, 0.00017086851931683947, 0.01463553085474345, 6.588545150935469e-07, 0.0021764544762845617, 2.975804969551632e-06, 3.3273382452255382e-06, 0.006068265263169319, 3.4084610319358905e-07, 2.188696458797305e-05, 8.729021214822404e-05, 0.02351320764622263, 0.0015081752780797448, 0.009953813020978123, 0.16821340192109346, 2.056484729321776e-06, 0.0076762833911298385, 0.009963817775296016, 1.3398775356184464e-05, 0.00012359805220304074, 0.0927416493553513, 0.00031255856148012146, 1.4196938848224741e-05, 2.7890740158520444e-06, 0.0001189278291344742, 0.0002571606314726675, 1.979381919333297e-06, 0.000376093802875251, 1.205010352241705e-06, 1.697637616467536e-05, 3.6754987379576204e-07, 3.4136154697013885e-06, 0.005016371252395402, 9.82644917109828e-06, 0.004306099910953283, 0.0005317567508111853, 0.0035542913104032645, 0.03263506593066268]
Received data: [(0, 20), (0, 1011), (0, 610), (0, 119444), (0, 21), (0, 117895), (1, 19), (1, 19), (1, 19), (1, 21), (1, 117895), (2, 21), (2, 117895), (3, 21), (3, 117895), (4, 21), (4, 117895), (5, 21), (5, 117895), (6, 21), (6, 117895), (7, 19), (7, 21), (7, 117895), (8, 19), (8, 21), (8, 117895), (9, 21), (9, 117895), (10, 21), (10, 117895), (11, 21), (11, 117895), (12, 19), (12, 19), (12, 21), (12, 117895), (13, 21), (13, 117895), (14, 21), (14, 117895), (15, 19), (15, 21), (15, 117895), (16, 21), (16, 117895), (17, 21), (17, 117895), (18, 21), (18, 117895), (19, 21), (19, 117895), (20, 21), (20, 117895), (21, 19), (21, 21), (21, 117895), (22, 21), (22, 117895), (23, 19), (23, 21), (23, 117895), (24, 19), (24, 21), (24, 117895), (25, 21), (25, 117895), (26, 21), (26, 117895), (27, 21), (27, 117895), (28, 21), (28, 117895), (29, 21), (29, 117895), (30, 21), (30, 117895), (31, 19), (31, 21), (31, 117895), (32, 21), (32, 117895), (33, 21), (33, 117895), (34, 19), (34, 21), (34, 117895), (35, 21), (35, 117895), (36, 19), (36, 21), (36, 117895)]
Send data: [(0, 23), (1, 117895), (1, 117895), (1, 117895), (1, 117895), (2, 117895), (3, 117895), (4, 117895), (5, 117895), (6, 117895), (7, 117895), (7, 117895), (8, 117895), (8, 117895), (9, 117895), (10, 117895), (11, 117895), (12, 117895), (12, 117895), (12, 117895), (13, 117895), (14, 117895), (15, 117895), (15, 117895), (16, 117895), (17, 117895), (18, 117895), (19, 117895), (20, 117895), (21, 117895), (21, 117895), (22, 117895), (23, 117895), (23, 117895), (24, 117895), (24, 117895), (25, 117895), (26, 117895), (27, 117895), (28, 117895), (29, 117895), (30, 117895), (31, 117895), (31, 117895), (32, 117895), (33, 117895), (34, 117895), (34, 117895), (35, 117895), (36, 117895), (36, 117895)]
Strategies (if used): []


Duration: 251 minutes 8 seconds
