The following training was conducted:

C: 0.8
K: 3
R: 25
E: 3
B: 64
optimizer: <class 'torch.optim.adam.Adam'>
criterion: CrossEntropyLoss()
lr: 0.01
data_name: MNIST
shards_each: 2
ternary: False
personalized: False
iid: True
model: <class 'models.Net_2'>
LESS_DATA: 2000
SERVER_TEST_SIZE: 1000
SERVER_TRAIN_SIZE: 100


Information from Server:

Accuracy: [0.77, 0.89, 0.93, 0.92, 0.93, 0.95, 0.95, 0.94, 0.96, 0.97, 0.96, 0.96, 0.96, 0.96, 0.97, 0.96, 0.97, 0.97, 0.96, 0.95, 0.95, 0.96, 0.96, 0.97, 0.96]
Loss: [1.394147276878357, 0.30956652015447617, 0.24271827936172485, 0.318636029958725, 0.19799963384866714, 0.16603032685816288, 0.19080405682325363, 0.15344710648059845, 0.18867819011211395, 0.1587744802236557, 0.24465926736593246, 0.3772362768650055, 0.6372810527682304, 0.28479171730577946, 0.23436757922172546, 0.17602873221039772, 0.37152182310819626, 0.35519216416287236, 0.5693036913871765, 0.2651885710656643, 0.40457578003406525, 0.4714255630970001, 0.7192261517047882, 0.5917063057422638, 0.509269043803215]
Received data: [(1, 23), (1, 23), (1, 23), (2, 117895), (2, 117895), (2, 117895), (3, 117895), (3, 117895), (3, 117895), (4, 117895), (4, 117895), (4, 117895), (5, 117895), (5, 117895), (5, 117895), (6, 117895), (6, 117895), (6, 117895), (7, 117895), (7, 117895), (7, 117895), (8, 117895), (8, 117895), (8, 117895), (9, 117895), (9, 117895), (9, 117895), (10, 117895), (10, 117895), (10, 117895), (11, 117895), (11, 117895), (11, 117895), (12, 117895), (12, 117895), (12, 117895), (13, 117895), (13, 117895), (13, 117895), (14, 117895), (14, 117895), (14, 117895), (15, 117895), (15, 117895), (15, 117895), (16, 117895), (16, 117895), (16, 117895), (17, 117895), (17, 117895), (17, 117895), (18, 117895), (18, 117895), (18, 117895), (19, 117895), (19, 117895), (19, 117895), (20, 117895), (20, 117895), (20, 117895), (21, 117895), (21, 117895), (21, 117895), (22, 117895), (22, 117895), (22, 117895), (23, 117895), (23, 117895), (23, 117895), (24, 117895), (24, 117895), (24, 117895), (25, 117895), (25, 117895), (25, 117895), (26, 117895), (26, 117895), (26, 117895)]
Send data: [(1, 20), (1, 5479), (1, 610), (1, 119444), (1, 20), (1, 5479), (1, 610), (1, 119444), (1, 20), (1, 5479), (1, 610), (1, 119444), (2, 21), (2, 21), (2, 19), (2, 117895), (2, 117895), (3, 21), (3, 19), (3, 117895), (3, 21), (3, 117895), (4, 21), (4, 19), (4, 21), (4, 117895), (4, 117895), (5, 21), (5, 19), (5, 117895), (5, 21), (5, 117895), (6, 21), (6, 21), (6, 19), (6, 117895), (6, 117895), (7, 21), (7, 21), (7, 19), (7, 117895), (7, 117895), (8, 21), (8, 19), (8, 117895), (8, 21), (8, 117895), (9, 21), (9, 19), (9, 117895), (9, 21), (9, 117895), (10, 19), (10, 21), (10, 21), (10, 117895), (10, 117895), (11, 21), (11, 21), (11, 19), (11, 117895), (11, 117895), (12, 19), (12, 21), (12, 21), (12, 117895), (12, 117895), (13, 21), (13, 21), (13, 19), (13, 117895), (13, 117895), (14, 21), (14, 19), (14, 21), (14, 117895), (14, 117895), (15, 21), (15, 19), (15, 21), (15, 117895), (15, 117895), (16, 21), (16, 21), (16, 19), (16, 117895), (16, 117895), (17, 21), (17, 21), (17, 19), (17, 117895), (17, 117895), (18, 21), (18, 21), (18, 19), (18, 117895), (18, 117895), (19, 21), (19, 21), (19, 19), (19, 117895), (19, 117895), (20, 19), (20, 21), (20, 21), (20, 117895), (20, 117895), (21, 21), (21, 21), (21, 19), (21, 117895), (21, 117895), (22, 21), (22, 19), (22, 21), (22, 117895), (22, 117895), (23, 21), (23, 19), (23, 21), (23, 117895), (23, 117895), (24, 19), (24, 21), (24, 21), (24, 117895), (24, 117895), (25, 19), (25, 21), (25, 21), (25, 117895), (25, 117895), (26, 19), (26, 21), (26, 21), (26, 117895), (26, 117895), (26, 21), (26, 117895), (26, 21), (26, 117895), (26, 21), (26, 117895)]


Duration: 262 minutes 19 seconds
Information from Client_3:

Signals: ['Update', 'Skip', 'Skip', 'Skip', 'Update', 'Update', 'Skip', 'Skip', 'Update', 'Update', 'Update', 'Update', 'Skip', 'Skip', 'Update', 'Update', 'Update', 'Update', 'Update', 'Update', 'Skip', 'Skip', 'Update', 'Update', 'Update', 'Finish', None]
Data distribution: [(0, 54), (1, 79), (2, 66), (3, 58), (4, 72), (5, 60), (6, 58), (7, 79), (8, 75), (9, 65)]
Accuracy: [0.9099099099099099, 0.9099099099099099, 0.9099099099099099, 0.9099099099099099, 0.996996996996997, 0.9774774774774775, 0.9774774774774775, 0.9774774774774775, 0.9924924924924925, 0.9984984984984985, 0.996996996996997, 0.9894894894894894, 0.9894894894894894, 0.9894894894894894, 0.990990990990991, 1.0, 0.9984984984984985, 0.996996996996997, 1.0, 0.9984984984984985, 0.9984984984984985, 0.9984984984984985, 0.9984984984984985, 1.0, 1.0, 0.9984984984984985]
Loss: [0.2830333879048174, 0.2725661952387203, 0.2705492079257965, 0.26418217474764044, 0.009581667868505147, 0.06764628441834991, 0.06720236591486768, 0.06935592435977676, 0.011742568485880673, 0.00891840134070001, 0.006309938226794739, 0.03717987868532708, 0.03656386809399754, 0.03660399335388898, 0.018546019380334077, 0.0002669966173595061, 0.005045155116373611, 0.02302411123144504, 0.00011412570893072753, 0.005273441720150499, 0.005025088176559869, 0.005080772195211383, 0.001823142074716667, 0.0006221721082304364, 0.00012199825930175374, 0.004800115527400935]
Training acc & loss: [[[1.3328306674957275, 0.6726726726726727], [0.4634853858839382, 0.8558558558558559], [0.26598362353715027, 0.9099099099099099]], [[0.26598362353715027, 0.9099099099099099], [0.26598362353715027, 0.9099099099099099], [0.26598362353715027, 0.9099099099099099]], [[0.26598362353715027, 0.9099099099099099], [0.26598362353715027, 0.9099099099099099], [0.26598362353715027, 0.9099099099099099]], [[0.26598362353715027, 0.9099099099099099], [0.26598362353715027, 0.9099099099099099], [0.26598362353715027, 0.9099099099099099]], [[0.13397580723870883, 0.960960960960961], [0.038043186999857426, 0.984984984984985], [0.009382504535923627, 0.996996996996997]], [[0.037345789203589615, 0.993993993993994], [0.022496982011944056, 0.990990990990991], [0.06688767500137063, 0.9774774774774775]], [[0.06688767500137063, 0.9774774774774775], [0.06688767500137063, 0.9774774774774775], [0.06688767500137063, 0.9774774774774775]], [[0.06688767500137063, 0.9774774774774775], [0.06688767500137063, 0.9774774774774775], [0.06688767500137063, 0.9774774774774775]], [[0.03436720078091391, 0.9864864864864865], [0.005453907889948989, 0.996996996996997], [0.011766448015061376, 0.9924924924924925]], [[0.05280477461532097, 0.9819819819819819], [0.030121533930386333, 0.987987987987988], [0.00885206039740958, 0.9984984984984985]], [[0.057105758652059274, 0.9834834834834835], [0.008509217101329175, 0.996996996996997], [0.007113935967605688, 0.996996996996997]], [[0.026734585057883207, 0.990990990990991], [0.07126286536433989, 0.9834834834834835], [0.03693583769067614, 0.9894894894894894]], [[0.03693583769067614, 0.9894894894894894], [0.03693583769067614, 0.9894894894894894], [0.03693583769067614, 0.9894894894894894]], [[0.03693583769067614, 0.9894894894894894], [0.03693583769067614, 0.9894894894894894], [0.03693583769067614, 0.9894894894894894]], [[0.0007298285380867045, 1.0], [0.001452396111496703, 0.9984984984984985], [0.018545372986119964, 0.990990990990991]], [[0.010133768710354409, 0.996996996996997], [0.006922253412168092, 0.9984984984984985], [0.0002718347198176409, 1.0]], [[0.006993549887450389, 0.9954954954954955], [0.011316458747924944, 0.9954954954954955], [0.0050382364958584894, 0.9984984984984985]], [[0.0007361406078416621, 1.0], [0.001920370514364384, 0.9984984984984985], [0.013326591209327242, 0.996996996996997]], [[0.023895998547179043, 0.9954954954954955], [0.025142921504177386, 0.9954954954954955], [0.00011414030848300172, 1.0]], [[0.00039494409607372785, 1.0], [0.0014224209903986368, 1.0], [0.0050204581439174945, 0.9984984984984985]], [[0.0050204581439174945, 0.9984984984984985], [0.0050204581439174945, 0.9984984984984985], [0.0050204581439174945, 0.9984984984984985]], [[0.0050204581439174945, 0.9984984984984985], [0.0050204581439174945, 0.9984984984984985], [0.0050204581439174945, 0.9984984984984985]], [[6.654696291383014e-06, 1.0], [0.0005171119878417068, 1.0], [0.0018231458003648206, 0.9984984984984985]], [[0.019474295750714275, 0.9954954954954955], [0.018575100578921585, 0.9954954954954955], [0.0006218583155330748, 1.0]], [[0.0011613106315644787, 0.9984984984984985], [0.0064130082625566, 0.9954954954954955], [0.00012200494097237457, 1.0]]]
Received data: [(0, 20), (0, 5479), (0, 610), (0, 119444), (1, 21), (1, 117895), (2, 19), (3, 19), (4, 19), (5, 21), (5, 117895), (6, 21), (6, 117895), (7, 19), (8, 19), (9, 21), (9, 117895), (10, 21), (10, 117895), (11, 21), (11, 117895), (12, 21), (12, 117895), (13, 19), (14, 19), (15, 21), (15, 117895), (16, 21), (16, 117895), (17, 21), (17, 117895), (18, 21), (18, 117895), (19, 21), (19, 117895), (20, 21), (20, 117895), (21, 19), (22, 19), (23, 21), (23, 117895), (24, 21), (24, 117895), (25, 21), (25, 117895), (26, 21), (26, 117895)]
Send data: [(0, 23), (1, 117895), (2, 117895), (3, 117895), (4, 117895), (5, 117895), (6, 117895), (7, 117895), (8, 117895), (9, 117895), (10, 117895), (11, 117895), (12, 117895), (13, 117895), (14, 117895), (15, 117895), (16, 117895), (17, 117895), (18, 117895), (19, 117895), (20, 117895), (21, 117895), (22, 117895), (23, 117895), (24, 117895), (25, 117895), (26, 0)]
Strategies (if used): []


Information from Client_1:

Signals: ['Update', 'Update', 'Update', 'Update', 'Update', 'Update', 'Update', 'Update', 'Skip', 'Update', 'Skip', 'Update', 'Update', 'Update', 'Update', 'Update', 'Update', 'Update', 'Skip', 'Update', 'Update', 'Update', 'Skip', 'Skip', 'Skip', 'Finish', None]
Data distribution: [(0, 67), (1, 70), (2, 75), (3, 58), (4, 62), (5, 60), (6, 74), (7, 79), (8, 55), (9, 66)]
Accuracy: [0.9804804804804805, 0.975975975975976, 0.9864864864864865, 0.996996996996997, 0.9954954954954955, 0.9954954954954955, 1.0, 1.0, 1.0, 0.9954954954954955, 0.9954954954954955, 0.9984984984984985, 0.9954954954954955, 0.990990990990991, 0.996996996996997, 0.978978978978979, 0.996996996996997, 0.9924924924924925, 0.9924924924924925, 0.9984984984984985, 1.0, 0.9984984984984985, 0.9984984984984985, 0.9984984984984985, 0.9984984984984985, 1.0]
Loss: [0.07511764900250868, 0.058552635071629826, 0.03866090839305385, 0.014471449741077695, 0.013538715810599651, 0.011680962443775074, 0.0020504655747737906, 0.002064317099707709, 0.0023873416999280876, 0.008898639733987775, 0.010817482220855627, 0.006652676803324456, 0.008336852659836453, 0.024817865251944484, 0.01579264333188555, 0.1189346235584129, 0.008972138165825266, 0.051398159165811114, 0.051320451757295486, 0.00364500468133435, 0.0008212120773808093, 0.004285231424451545, 0.004285649229281965, 0.0042856832036522715, 0.004285680069063441, 2.4689621148856555e-06]
Training acc & loss: [[[0.6862738945267417, 0.7702702702702703], [0.22119339623234488, 0.9354354354354354], [0.07487243617122824, 0.9804804804804805]], [[0.24101828038692474, 0.9129129129129129], [0.09334756637161429, 0.963963963963964], [0.06434820219874382, 0.975975975975976]], [[0.12112058699131012, 0.9519519519519519], [0.04782492150975899, 0.9894894894894894], [0.038654688131910836, 0.9864864864864865]], [[0.10107815604318272, 0.9714714714714715], [0.03923454364253716, 0.9894894894894894], [0.014822287654334848, 0.996996996996997]], [[0.10099134594202042, 0.963963963963964], [0.03462859674949537, 0.987987987987988], [0.014515523206103931, 0.9954954954954955]], [[0.06788717379624193, 0.9744744744744744], [0.022866623198338362, 0.990990990990991], [0.011251420082606439, 0.9954954954954955]], [[0.056683489714156494, 0.9819819819819819], [0.01277218187566508, 0.9954954954954955], [0.0020644266544629568, 1.0]], [[0.02970134737816724, 0.9864864864864865], [0.01253277695187452, 0.993993993993994], [0.002069199325474487, 1.0]], [[0.002069199325474487, 1.0], [0.002069199325474487, 1.0], [0.002069199325474487, 1.0]], [[0.015451458346267993, 0.9984984984984985], [0.01648384052648246, 0.993993993993994], [0.008946407887957652, 0.9954954954954955]], [[0.008946407887957652, 0.9954954954954955], [0.008946407887957652, 0.9954954954954955], [0.008946407887957652, 0.9954954954954955]], [[0.019357474827715618, 0.993993993993994], [0.016001955114585475, 0.993993993993994], [0.006640339473960921, 0.9984984984984985]], [[0.011470867637730076, 0.993993993993994], [0.0071143378809210844, 0.9984984984984985], [0.0068214528557952936, 0.9954954954954955]], [[0.0196666710843684, 0.993993993993994], [0.09493592393648048, 0.987987987987988], [0.025508617087986997, 0.990990990990991]], [[0.0011267991937451427, 0.9984984984984985], [0.004363145463251137, 0.996996996996997], [0.015765702432852115, 0.996996996996997]], [[0.024855594738958396, 0.990990990990991], [0.01934833197983756, 0.9924924924924925], [0.09368261780564974, 0.978978978978979]], [[0.053612925394686914, 0.9894894894894894], [0.013959183300533534, 0.993993993993994], [0.008953968380327592, 0.996996996996997]], [[0.07540871534993956, 0.9834834834834835], [0.0220686835336065, 0.993993993993994], [0.05131924358584621, 0.9924924924924925]], [[0.05131924358584621, 0.9924924924924925], [0.05131924358584621, 0.9924924924924925], [0.05131924358584621, 0.9924924924924925]], [[0.015491815404547278, 0.9954954954954955], [0.001186296835621063, 1.0], [0.0036449924107594903, 0.9984984984984985]], [[0.0009527032436254372, 1.0], [0.00019003298959762262, 1.0], [0.0008343803701348855, 1.0]], [[0.0007815370838871031, 1.0], [0.0005213506802579875, 1.0], [0.004285118000955182, 0.9984984984984985]], [[0.004285118000955182, 0.9984984984984985], [0.004285118000955182, 0.9984984984984985], [0.004285118000955182, 0.9984984984984985]], [[0.004285118000955182, 0.9984984984984985], [0.004285118000955182, 0.9984984984984985], [0.004285118000955182, 0.9984984984984985]], [[0.004285118000955182, 0.9984984984984985], [0.004285118000955182, 0.9984984984984985], [0.004285118000955182, 0.9984984984984985]]]
Received data: [(0, 20), (0, 5479), (0, 610), (0, 119444), (1, 21), (1, 117895), (2, 21), (2, 117895), (3, 21), (3, 117895), (4, 21), (4, 117895), (5, 21), (5, 117895), (6, 21), (6, 117895), (7, 21), (7, 117895), (8, 21), (8, 117895), (9, 19), (10, 21), (10, 117895), (11, 19), (12, 21), (12, 117895), (13, 21), (13, 117895), (14, 21), (14, 117895), (15, 21), (15, 117895), (16, 21), (16, 117895), (17, 21), (17, 117895), (18, 21), (18, 117895), (19, 19), (20, 21), (20, 117895), (21, 21), (21, 117895), (22, 21), (22, 117895), (23, 19), (24, 19), (25, 19), (26, 21), (26, 117895)]
Send data: [(0, 23), (1, 117895), (2, 117895), (3, 117895), (4, 117895), (5, 117895), (6, 117895), (7, 117895), (8, 117895), (9, 117895), (10, 117895), (11, 117895), (12, 117895), (13, 117895), (14, 117895), (15, 117895), (16, 117895), (17, 117895), (18, 117895), (19, 117895), (20, 117895), (21, 117895), (22, 117895), (23, 117895), (24, 117895), (25, 117895), (26, 0)]
Strategies (if used): []


Information from Client_2:

Signals: ['Skip', 'Update', 'Update', 'Update', 'Skip', 'Skip', 'Update', 'Update', 'Update', 'Skip', 'Update', 'Skip', 'Update', 'Update', 'Skip', 'Skip', 'Skip', 'Skip', 'Update', 'Skip', 'Update', 'Update', 'Update', 'Update', 'Update', 'Finish', None]
Data distribution: [(0, 65), (1, 81), (2, 66), (3, 60), (4, 60), (5, 49), (6, 77), (7, 79), (8, 57), (9, 72)]
Accuracy: [0.11861861861861862, 0.987987987987988, 0.990990990990991, 0.9984984984984985, 0.9984984984984985, 0.9984984984984985, 1.0, 1.0, 0.9984984984984985, 0.9984984984984985, 1.0, 1.0, 0.9954954954954955, 1.0, 1.0, 1.0, 1.0, 1.0, 0.9954954954954955, 0.9954954954954955, 1.0, 0.9984984984984985, 0.9984984984984985, 1.0, 0.9984984984984985, 1.0]
Loss: [2.3094177679582075, 0.04100674606690353, 0.028562159277498722, 0.007381827305917713, 0.008454681479964744, 0.007378582239404998, 0.005515846053392373, 0.002863788884662261, 0.008693866703569338, 0.009286640116690913, 0.0018696676257108761, 0.0019336024759633635, 0.0073198312499533295, 0.0008341279960032724, 0.0008322807830361191, 0.0008312025102193068, 0.0016975474336711407, 0.0008316414321763494, 0.01605524206388509, 0.00865698193766465, 0.0005115464338276092, 0.003987811106033412, 0.004176959099471456, 0.00010194999017281765, 0.004901268443222301, 1.3546508157637825e-09]
Training acc & loss: [[[nan, nan], [nan, nan], [nan, nan]], [[0.21643432094292206, 0.9354354354354354], [0.11970549042929303, 0.9714714714714715], [0.041833132674748245, 0.987987987987988]], [[0.16576074876568533, 0.9519519519519519], [0.07287433675744316, 0.9804804804804805], [0.027063589670102705, 0.990990990990991]], [[0.1239679299972274, 0.9579579579579579], [0.029097487303343685, 0.993993993993994], [0.007394271722825413, 0.9984984984984985]], [[0.007394271722825413, 0.9984984984984985], [0.007394271722825413, 0.9984984984984985], [0.007394271722825413, 0.9984984984984985]], [[0.007394271722825413, 0.9984984984984985], [0.007394271722825413, 0.9984984984984985], [0.007394271722825413, 0.9984984984984985]], [[0.0865655260594477, 0.972972972972973], [0.07087004133923487, 0.9774774774774775], [0.005450159290128134, 1.0]], [[0.03488632502161305, 0.987987987987988], [0.02290328896593895, 0.990990990990991], [0.0028680810474642467, 1.0]], [[0.007208023188551041, 0.9984984984984985], [0.02196489717144604, 0.990990990990991], [0.009176307537762279, 0.9984984984984985]], [[0.009176307537762279, 0.9984984984984985], [0.009176307537762279, 0.9984984984984985], [0.009176307537762279, 0.9984984984984985]], [[0.00826623650606383, 0.9984984984984985], [0.008943410804601048, 0.996996996996997], [0.001845130527561361, 1.0]], [[0.001845130527561361, 1.0], [0.001845130527561361, 1.0], [0.001845130527561361, 1.0]], [[0.13282466626101683, 0.96996996996997], [0.01710550035353332, 0.996996996996997], [0.00740535358437972, 0.9954954954954955]], [[0.012016429060701984, 0.996996996996997], [0.0034694521273246955, 0.9984984984984985], [0.0008310839138930119, 1.0]], [[0.0008310839138930119, 1.0], [0.0008310839138930119, 1.0], [0.0008310839138930119, 1.0]], [[0.0008310839138930119, 1.0], [0.0008310839138930119, 1.0], [0.0008310839138930119, 1.0]], [[0.0008310839138930119, 1.0], [0.0008310839138930119, 1.0], [0.0008310839138930119, 1.0]], [[0.0008310839138930119, 1.0], [0.0008310839138930119, 1.0], [0.0008310839138930119, 1.0]], [[0.03746235116568319, 0.993993993993994], [0.045990517384118655, 0.9894894894894894], [0.00865669851992188, 0.9954954954954955]], [[0.00865669851992188, 0.9954954954954955], [0.00865669851992188, 0.9954954954954955], [0.00865669851992188, 0.9954954954954955]], [[0.019281482024475327, 0.9984984984984985], [0.0040959457780687, 0.996996996996997], [0.0005115879997527758, 1.0]], [[0.017840031690008636, 0.9954954954954955], [0.004351649237365377, 0.9984984984984985], [0.003987787765866199, 0.9984984984984985]], [[5.645832401413031e-05, 1.0], [0.00035722984304237764, 1.0], [0.004177886358322977, 0.9984984984984985]], [[0.0016917543779292837, 0.9984984984984985], [0.010083917562022487, 0.996996996996997], [0.00010194999199527902, 1.0]], [[0.00024105620088733413, 1.0], [0.05947786442920456, 0.9954954954954955], [0.004901073683837318, 0.9984984984984985]]]
Received data: [(0, 20), (0, 5479), (0, 610), (0, 119444), (1, 19), (2, 21), (2, 117895), (3, 21), (3, 117895), (4, 21), (4, 117895), (5, 19), (6, 19), (7, 21), (7, 117895), (8, 21), (8, 117895), (9, 21), (9, 117895), (10, 19), (11, 21), (11, 117895), (12, 19), (13, 21), (13, 117895), (14, 21), (14, 117895), (15, 19), (16, 19), (17, 19), (18, 19), (19, 21), (19, 117895), (20, 19), (21, 21), (21, 117895), (22, 21), (22, 117895), (23, 21), (23, 117895), (24, 21), (24, 117895), (25, 21), (25, 117895), (26, 21), (26, 117895)]
Send data: [(0, 23), (1, 117895), (2, 117895), (3, 117895), (4, 117895), (5, 117895), (6, 117895), (7, 117895), (8, 117895), (9, 117895), (10, 117895), (11, 117895), (12, 117895), (13, 117895), (14, 117895), (15, 117895), (16, 117895), (17, 117895), (18, 117895), (19, 117895), (20, 117895), (21, 117895), (22, 117895), (23, 117895), (24, 117895), (25, 117895), (26, 0)]
Strategies (if used): []


