The following training was conducted:

C: 0.8
K: 3
R: 15
E: 3
B: 64
optimizer: <class 'torch.optim.adam.Adam'>
criterion: CrossEntropyLoss()
lr: 0.01
data_name: MNIST
shards_each: 2
ternary: True
personalized: True
iid: True
model: <class 'models.Net_2_Q'>
LESS_DATA: 1000
SERVER_TEST_SIZE: 1000
SERVER_TRAIN_SIZE: 100


Information from Server:

Accuracy: [0.09, 0.09, 0.11, 0.17, 0.13, 0.11, 0.08, 0.1, 0.1, 0.1, 0.1, 0.09, 0.1, 0.09, 0.1]
Loss: [2.3480690717697144, 2.3414762020111084, 2.30040180683136, 2.294650673866272, 2.312154769897461, 2.234598994255066, 2.4235706329345703, 2.3140084743499756, 2.3335148096084595, 2.3216389417648315, 2.3160959482192993, 2.3139628171920776, 2.327162265777588, 2.3144527673721313, 2.3056730031967163]
Received data: [(1, 23), (1, 23), (1, 23), (2, 117229), (2, 117229), (2, 117229), (3, 117229), (3, 117229), (3, 117229), (4, 117229), (4, 117229), (4, 117229), (5, 117229), (5, 117229), (5, 117229), (6, 117229), (6, 117229), (6, 117229), (7, 117229), (7, 117229), (7, 117229), (8, 117229), (8, 117229), (8, 117229), (9, 117229), (9, 117229), (9, 117229), (10, 117229), (10, 117229), (10, 117229), (11, 117229), (11, 117229), (11, 117229), (12, 117229), (12, 117229), (12, 117229), (13, 117229), (13, 117229), (13, 117229), (14, 117229), (14, 117229), (14, 117229), (15, 117229), (15, 117229), (15, 117229), (16, 117229), (16, 117229), (16, 117229)]
Send data: [(1, 20), (1, 2815), (1, 610), (1, 118793), (1, 20), (1, 2815), (1, 610), (1, 118793), (1, 20), (1, 2815), (1, 610), (1, 118793), (2, 21), (2, 19), (2, 21), (2, 117229), (2, 117229), (3, 21), (3, 19), (3, 21), (3, 117229), (3, 117229), (4, 21), (4, 21), (4, 19), (4, 117229), (4, 117229), (5, 21), (5, 19), (5, 117229), (5, 21), (5, 117229), (6, 19), (6, 21), (6, 21), (6, 117229), (6, 117229), (7, 19), (7, 21), (7, 21), (7, 117229), (7, 117229), (8, 21), (8, 21), (8, 117229), (8, 19), (8, 117229), (9, 21), (9, 21), (9, 117229), (9, 19), (9, 117229), (10, 21), (10, 19), (10, 21), (10, 117229), (10, 117229), (11, 19), (11, 21), (11, 21), (11, 117229), (11, 117229), (12, 19), (12, 21), (12, 117229), (12, 21), (12, 117229), (13, 21), (13, 21), (13, 19), (13, 117229), (13, 117229), (14, 21), (14, 21), (14, 117229), (14, 19), (14, 117229), (15, 19), (15, 21), (15, 21), (15, 117229), (15, 117229), (16, 21), (16, 21), (16, 19), (16, 117229), (16, 117229), (16, 21), (16, 117229), (16, 21), (16, 117229), (16, 21), (16, 117229)]


Information from Client_1:

Signals: ['Update', 'Update', 'Update', 'Update', 'Skip', 'Skip', 'Update', 'Update', 'Update', 'Skip', 'Skip', 'Update', 'Update', 'Skip', 'Update', 'Finish', None]
Data distribution: [(0, 26), (1, 35), (2, 39), (3, 23), (4, 39), (5, 32), (6, 32), (7, 27), (8, 39), (9, 41)]
Accuracy: [0.2042042042042042, 0.37537537537537535, 0.6816816816816816, 0.14414414414414414, 0.1921921921921922, 0.4114114114114114, 0.13813813813813813, 0.33933933933933935, 0.5345345345345346, 0.27927927927927926, 0.45345345345345345, 0.6666666666666666, 0.17417417417417416, 0.3213213213213213, 0.42042042042042044, 0.08108108108108109, 0.08108108108108109, 0.08108108108108109, 0.12312312312312312, 0.12312312312312312, 0.12312312312312312, 0.11711711711711711, 0.12312312312312312, 0.12312312312312312, 0.0960960960960961, 0.11711711711711711, 0.11711711711711711, 0.0960960960960961, 0.0960960960960961, 0.0960960960960961]
Loss: [2.2787789901097617, 1.829838236172994, 0.8811575074990591, 2.2854798237482705, 2.219847083091736, 1.7264090577761333, 2.2003276348114014, 1.9472100337346394, 1.418529252211253, 2.1001845002174377, 1.5769586364428203, 1.085909366607666, 2.205458482106527, 1.9913307825724285, 1.709256688753764, 2.327229857444763, 2.3176263173421225, 2.321122328440348, 2.3014965454737344, 2.3017133871714273, 2.2958612044652305, 2.2953044970830283, 2.290526787439982, 2.289359132448832, 2.296042044957479, 2.296542485555013, 2.2898340622584024, 2.3019656340281167, 2.2974433501561484, 2.2942217588424683]
Received data: [(0, 20), (0, 2815), (0, 610), (0, 118793), (0, 21), (0, 117229), (1, 21), (1, 117229), (2, 21), (2, 117229), (3, 21), (3, 117229), (4, 19), (4, 19), (4, 21), (4, 117229), (5, 21), (5, 117229), (6, 21), (6, 117229), (7, 19), (7, 19), (7, 21), (7, 117229), (8, 21), (8, 117229), (9, 19), (9, 21), (9, 117229), (10, 21), (10, 117229)]
Send data: [(0, 23), (1, 117229), (2, 117229), (3, 117229), (4, 117229), (4, 117229), (4, 117229), (5, 117229), (6, 117229), (7, 117229), (7, 117229), (7, 117229), (8, 117229), (9, 117229), (9, 117229), (10, 117229)]
Strategies (if used): ['Strategy 2', 'Strategy 2', 'Strategy 2', 'Strategy 2', 'Strategy 1', 'Strategy 1', 'Strategy 1', 'Strategy 1', 'Strategy 1', 'Strategy 1']


Information from Client_3:

Signals: ['Update', 'Update', 'Skip', 'Update', 'Update', 'Update', 'Skip', 'Skip', 'Update', 'Update', 'Update', 'Skip', 'Skip', 'Update', 'Skip', 'Finish', None]
Data distribution: [(0, 28), (1, 35), (2, 26), (3, 32), (4, 35), (5, 32), (6, 34), (7, 36), (8, 31), (9, 44)]
Accuracy: [0.10510510510510511, 0.10510510510510511, 0.13213213213213212, 0.2672672672672673, 0.5045045045045045, 0.7597597597597597, 0.23723723723723725, 0.4624624624624625, 0.7027027027027027, 0.13813813813813813, 0.25825825825825827, 0.2882882882882883, 0.21021021021021022, 0.26426426426426425, 0.44144144144144143, 0.13213213213213212, 0.13213213213213212, 0.13213213213213212, 0.10810810810810811, 0.10810810810810811, 0.10810810810810811, 0.13213213213213212, 0.13213213213213212, 0.13213213213213212, 0.13213213213213212, 0.13213213213213212, 0.13213213213213212]
Loss: [2.303655664126078, 2.306138753890991, 2.2843335469563804, 2.0483832557996116, 1.4779894749323528, 0.8021690348784128, 2.176873723665873, 1.6704010566075642, 0.9215055704116821, 2.298184792200724, 2.23319677511851, 1.999252736568451, 2.2536237637201944, 2.021252473195394, 1.6815773844718933, 2.297850489616394, 2.296022812525431, 2.2928436994552612, 2.319061557451884, 2.31232750415802, 2.3176844914754233, 2.2982703844706216, 2.301981965700785, 2.2821794748306274, 2.3039540449778237, 2.3060065110524497, 2.297597606976827]
Received data: [(0, 20), (0, 2815), (0, 610), (0, 118793), (0, 21), (0, 117229), (1, 21), (1, 117229), (2, 19), (2, 21), (2, 117229), (3, 21), (3, 117229), (4, 21), (4, 117229), (5, 19), (5, 19), (5, 21), (5, 117229), (6, 21), (6, 117229), (7, 21), (7, 117229), (8, 19), (8, 19), (8, 21), (8, 117229), (9, 19), (9, 21), (9, 117229)]
Send data: [(0, 23), (1, 117229), (2, 117229), (2, 117229), (3, 117229), (4, 117229), (5, 117229), (5, 117229), (5, 117229), (6, 117229), (7, 117229), (8, 117229), (8, 117229), (8, 117229), (9, 117229), (9, 117229)]
Strategies (if used): ['Strategy 1', 'Strategy 2', 'Strategy 2', 'Strategy 1', 'Strategy 2', 'Strategy 1', 'Strategy 1', 'Strategy 1', 'Strategy 1']


Information from Client_2:

Signals: ['Skip', 'Skip', 'Update', 'Skip', 'Update', 'Update', 'Update', 'Update', 'Skip', 'Update', 'Update', 'Update', 'Update', 'Update', 'Update', 'Finish', None]
Data distribution: [(0, 29), (1, 35), (2, 27), (3, 40), (4, 29), (5, 20), (6, 36), (7, 35), (8, 36), (9, 46)]
Accuracy: [0.08708708708708708, 0.08708708708708708, 0.1891891891891892, 0.2072072072072072, 0.4084084084084084, 0.6036036036036037, 0.1981981981981982, 0.2852852852852853, 0.46546546546546547, 0.27627627627627627, 0.3843843843843844, 0.4924924924924925, 0.10510510510510511, 0.10510510510510511, 0.10510510510510511, 0.10510510510510511, 0.10510510510510511, 0.10510510510510511, 0.13813813813813813, 0.13813813813813813, 0.13813813813813813, 0.10810810810810811, 0.13813813813813813, 0.13813813813813813, 0.06006006006006006, 0.06006006006006006, 0.13813813813813813, 0.13813813813813813, 0.13813813813813813, 0.13813813813813813, 0.06006006006006006, 0.06006006006006006, 0.13813813813813813]
Loss: [2.311161518096924, 2.303097645441691, 2.2626243829727173, 2.204875191052755, 1.7738597591718037, 1.176984926064809, 2.248742421468099, 2.046647051970164, 1.7223650614420574, 2.1209950844446817, 1.892492413520813, 1.4636682669321697, 2.3294973770777383, 2.3136867682139077, 2.317407210667928, 2.302793780962626, 2.312355955441793, 2.3104203144709268, 2.2867652972539267, 2.2915738026301065, 2.2882721424102783, 2.3082837661107383, 2.298253138860067, 2.29006826877594, 2.3062169551849365, 2.300205111503601, 2.298568367958069, 2.285361409187317, 2.287078539530436, 2.2871034145355225, 2.3142072757085166, 2.315632621447245, 2.3035888671875]
Received data: [(0, 20), (0, 2815), (0, 610), (0, 118793), (0, 19), (0, 19), (0, 21), (0, 117229), (1, 19), (1, 21), (1, 117229), (2, 21), (2, 117229), (3, 21), (3, 117229), (4, 21), (4, 117229), (5, 19), (5, 21), (5, 117229), (6, 21), (6, 117229), (7, 21), (7, 117229), (8, 21), (8, 117229), (9, 21), (9, 117229), (10, 21), (10, 117229), (11, 21), (11, 117229)]
Send data: [(0, 23), (0, 117229), (0, 117229), (1, 117229), (1, 117229), (2, 117229), (3, 117229), (4, 117229), (5, 117229), (5, 117229), (6, 117229), (7, 117229), (8, 117229), (9, 117229), (10, 117229), (11, 117229)]
Strategies (if used): ['Strategy 2', 'Strategy 1', 'Strategy 2', 'Strategy 2', 'Strategy 1', 'Strategy 1', 'Strategy 1', 'Strategy 1', 'Strategy 1', 'Strategy 1', 'Strategy 1']


Duration: 34 minutes 46 seconds
