The following training was conducted:

C: 0.8
K: 3
R: 7
E: 3
B: 64
optimizer: <class 'torch.optim.adam.Adam'>
criterion: CrossEntropyLoss()
lr: 0.01
data_name: CIFAR10
iid: True
shards_each: 2
ternary: False
personalized: False
model: <class 'models.Net_4'>
LESS_DATA: 3000
SERVER_TEST_SIZE: 100
SERVER_TRAIN_SIZE: 100


Information from Server:

Accuracy: [0.1, 0.13, 0.26, 0.28, 0.31, 0.35, 0.46]
Loss: [2.2887591123580933, 2.264584183692932, 1.9860259294509888, 1.8549548387527466, 1.8100917339324951, 1.6989485621452332, 1.563630223274231]
Received data: [(1, 23), (1, 23), (1, 23), (2, 250910), (2, 249088), (2, 249088), (3, 249088), (3, 249088), (3, 249088), (4, 249088), (4, 249088), (4, 249088), (5, 249088), (5, 249088), (5, 249088), (6, 249088), (6, 249088), (6, 249088), (7, 249088), (7, 249088), (7, 249088), (8, 249088), (8, 249088), (8, 249088)]
Send data: [(1, 22), (1, 8151), (1, 612), (1, 252617), (1, 22), (1, 8151), (1, 612), (1, 252617), (1, 22), (1, 8151), (1, 612), (1, 252617), (2, 21), (2, 19), (2, 21), (2, 250910), (2, 250910), (3, 21), (3, 21), (3, 19), (3, 249088), (3, 249088), (4, 21), (4, 19), (4, 21), (4, 249088), (4, 249088), (5, 21), (5, 19), (5, 21), (5, 249088), (5, 249088), (6, 19), (6, 21), (6, 21), (6, 249088), (6, 249088), (7, 21), (7, 19), (7, 21), (7, 249088), (7, 249088), (8, 21), (8, 21), (8, 19), (8, 249088), (8, 249088), (8, 21), (8, 249088), (8, 21), (8, 249088), (8, 21), (8, 249088)]


Information from Client_3:

Signals: ['Update', 'Update', 'Update', 'Update', 'Skip', 'Update', 'Update', 'Finish', None]
Data distribution: [(0, 103), (1, 116), (2, 92), (3, 89), (4, 98), (5, 106), (6, 96), (7, 105), (8, 91), (9, 104)]
Accuracy: [0.184, 0.223, 0.309, 0.268, 0.285, 0.369, 0.311, 0.36, 0.38, 0.402, 0.442, 0.469, 0.421, 0.469, 0.549, 0.465, 0.516, 0.557]
Loss: [2.1175440177321434, 2.002461239695549, 1.8389715775847435, 1.9891067445278168, 1.9670938029885292, 1.7303136810660362, 1.8725866377353668, 1.791616715490818, 1.7014228776097298, 1.685062937438488, 1.5837183594703674, 1.455123245716095, 1.6938418745994568, 1.5061113461852074, 1.3039687052369118, 1.5629256591200829, 1.3556838929653168, 1.2523453049361706]
Received data: [(0, 22), (0, 8151), (0, 612), (0, 252617), (0, 21), (0, 250910), (1, 21), (1, 249088), (2, 21), (2, 249088), (3, 21), (3, 249088), (4, 19), (4, 21), (4, 249088), (5, 21), (5, 249088), (6, 21), (6, 249088)]
Send data: [(0, 23), (1, 249088), (2, 249088), (3, 249088), (4, 249088), (4, 249088), (5, 249088), (6, 249088)]
Strategies (if used): []


Information from Client_1:

Signals: ['Update', 'Skip', 'Update', 'Update', 'Update', 'Update', 'Skip', 'Finish', None]
Data distribution: [(0, 92), (1, 89), (2, 99), (3, 107), (4, 98), (5, 83), (6, 126), (7, 96), (8, 95), (9, 115)]
Accuracy: [0.126, 0.139, 0.153, 0.318, 0.31, 0.374, 0.356, 0.379, 0.477, 0.378, 0.393, 0.48, 0.368, 0.473, 0.534]
Loss: [2.296004891395569, 2.292461648583412, 2.262610912322998, 1.9179849028587341, 1.9397154599428177, 1.7207078263163567, 1.8251298815011978, 1.7112411707639694, 1.4927121624350548, 1.7845089361071587, 1.7022724598646164, 1.4932475984096527, 1.8024821802973747, 1.4889790937304497, 1.3187117651104927]
Received data: [(0, 22), (0, 8151), (0, 612), (0, 252617), (0, 21), (0, 250910), (1, 19), (1, 21), (1, 249088), (2, 21), (2, 249088), (3, 21), (3, 249088), (4, 21), (4, 249088), (5, 19), (5, 21), (5, 249088)]
Send data: [(0, 23), (1, 249088), (1, 249088), (2, 249088), (3, 249088), (4, 249088), (5, 249088), (5, 249088)]
Strategies (if used): []


Information from Client_2:

Signals: ['Skip', 'Update', 'Skip', 'Skip', 'Update', 'Skip', 'Update', 'Finish', None]
Data distribution: [(0, 101), (1, 92), (2, 95), (3, 98), (4, 102), (5, 106), (6, 109), (7, 106), (8, 90), (9, 101)]
Accuracy: [0.258, 0.326, 0.348, 0.356, 0.365, 0.392, 0.339, 0.415, 0.512]
Loss: [1.98482234030962, 1.827747419476509, 1.8467957451939583, 1.8079655393958092, 1.7971749156713486, 1.68036587536335, 1.7890588641166687, 1.6157589554786682, 1.3026514053344727]
Received data: [(0, 22), (0, 8151), (0, 612), (0, 252617), (0, 19), (0, 21), (0, 249088), (1, 19), (1, 19), (1, 21), (1, 249088), (2, 19), (2, 21), (2, 249088), (3, 21), (3, 249088)]
Send data: [(0, 23), (0, 250910), (1, 249088), (1, 249088), (1, 249088), (2, 249088), (2, 249088), (3, 249088)]
Strategies (if used): []


Duration: 14 minutes 4 seconds
