The following training was conducted:

C: 0.8
K: 3
R: 15
E: 3
B: 64
optimizer: <class 'torch.optim.adam.Adam'>
criterion: CrossEntropyLoss()
lr: 0.01
data_name: CIFAR10
shards_each: 2
ternary: False
personalized: True
iid: False
model: <class 'models.Net_4'>
LESS_DATA: 10000
SERVER_TEST_SIZE: 1000
SERVER_TRAIN_SIZE: 1000


Information from Server:

Accuracy: [0.1, 0.1, 0.1, 0.101, 0.095, 0.091, 0.094, 0.095, 0.112, 0.048, 0.079, 0.075, 0.043, 0.097, 0.116]
Loss: [2.328451916575432, 2.32323881983757, 2.325096994638443, 2.387243017554283, 2.348670110106468, 2.429066240787506, 2.4184628278017044, 2.454633891582489, 2.4105779379606247, 2.4873822927474976, 2.44961941242218, 2.392074778676033, 2.5069180577993393, 2.5313111543655396, 2.474717363715172]
Received data: [(1, 23), (1, 23), (1, 23), (2, 250910), (2, 250910), (2, 250910), (3, 250910), (3, 250910), (3, 250910), (4, 250910), (4, 250910), (4, 250910), (5, 250910), (5, 250910), (5, 250910), (6, 250910), (6, 250910), (6, 250910), (7, 250910), (7, 250910), (7, 250910), (8, 250910), (8, 250910), (8, 250910), (9, 250910), (9, 250910), (9, 250910), (10, 250910), (10, 250910), (10, 250910), (11, 250910), (11, 250910), (11, 250910), (12, 250910), (12, 250910), (12, 250910), (13, 250910), (13, 250910), (13, 250910), (14, 250910), (14, 250910), (14, 250910), (15, 250910), (15, 250910), (15, 250910), (16, 250910), (16, 250910), (16, 250910)]
Send data: [(1, 22), (1, 9999), (1, 612), (1, 252617), (1, 22), (1, 9999), (1, 612), (1, 252617), (1, 22), (1, 10001), (1, 612), (1, 252617), (2, 19), (2, 21), (2, 21), (2, 250910), (2, 250910), (3, 19), (3, 21), (3, 250910), (3, 21), (3, 250910), (4, 19), (4, 21), (4, 21), (4, 250910), (4, 250910), (5, 21), (5, 250910), (5, 21), (5, 19), (5, 250910), (6, 19), (6, 21), (6, 250910), (6, 21), (6, 250910), (7, 19), (7, 21), (7, 250910), (7, 21), (7, 250910), (8, 21), (8, 19), (8, 250910), (8, 21), (8, 250910), (9, 21), (9, 21), (9, 19), (9, 250910), (9, 250910), (10, 21), (10, 19), (10, 21), (10, 250910), (10, 250910), (11, 21), (11, 19), (11, 250910), (11, 21), (11, 250910), (12, 21), (12, 19), (12, 250910), (12, 21), (12, 250910), (13, 21), (13, 21), (13, 19), (13, 250910), (13, 250910), (14, 21), (14, 21), (14, 250910), (14, 19), (14, 250910), (15, 21), (15, 250910), (15, 21), (15, 250910), (15, 19), (16, 21), (16, 19), (16, 250910), (16, 21), (16, 250910), (16, 21), (16, 250910), (16, 21), (16, 250910), (16, 21), (16, 250910)]


Information from Client_2:

Signals: ['Skip', 'Skip', 'Skip', 'Update', 'Skip', 'Skip', 'Update', 'Update', 'Update', 'Update', 'Update', 'Update', 'Update', 'Update', 'Update', 'Finish', None]
Data distribution: [(1, 295), (2, 997), (3, 374), (8, 624), (9, 1042)]
Accuracy: [0.45468187274909966, 0.5141056422569028, 0.5435174069627852, 0.4459783913565426, 0.5384153661464586, 0.5474189675870348, 0.4492797118847539, 0.5435174069627852, 0.5156062424969988, 0.5351140456182473, 0.5297118847539015, 0.570828331332533, 0.4834933973589436, 0.5486194477791116, 0.5624249699879952, 0.5429171668667467, 0.5756302521008403, 0.5825330132052821, 0.5309123649459784, 0.5669267707082833, 0.5900360144057623, 0.5546218487394958, 0.5822328931572629, 0.5891356542617047, 0.5567226890756303, 0.6008403361344538, 0.4924969987995198, 0.5048019207683073, 0.6023409363745498, 0.5999399759903962]
Loss: [1.3945162881095454, 1.2196282519484467, 1.325226755637043, 1.2874505497374624, 1.2328220234726959, 1.1808564291810089, 1.320505033124168, 1.1812376222520504, 1.161436194518827, 1.1927399410391755, 1.1870831161175135, 1.0928847047517884, 1.2086577156804643, 1.1299002361747454, 1.1003977993749223, 1.1364232717819933, 1.0911014912263401, 1.0515726321148422, 1.1517094373703003, 1.158993920065322, 1.0299793054472726, 1.1253570160775814, 1.0643912655002665, 1.0588709048505098, 1.1101744748511404, 1.0388212563856594, 1.1427051593672555, 1.1253914282007038, 1.0532469288358148, 1.0159243199060548]
Received data: [(0, 22), (0, 9999), (0, 612), (0, 252617), (0, 19), (0, 19), (0, 19), (0, 21), (0, 250910), (1, 19), (1, 19), (1, 21), (1, 250910), (2, 21), (2, 250910), (3, 21), (3, 250910), (4, 21), (4, 250910), (5, 21), (5, 250910), (6, 21), (6, 250910), (7, 21), (7, 250910), (8, 21), (8, 250910), (9, 21), (9, 250910), (10, 21), (10, 250910)]
Send data: [(0, 23), (0, 250910), (0, 250910), (0, 250910), (1, 250910), (1, 250910), (1, 250910), (2, 250910), (3, 250910), (4, 250910), (5, 250910), (6, 250910), (7, 250910), (8, 250910), (9, 250910), (10, 250910)]
Strategies (if used): []


Information from Client_1:

Signals: ['Update', 'Update', 'Update', 'Update', 'Update', 'Update', 'Skip', 'Update', 'Skip', 'Skip', 'Skip', 'Update', 'Update', 'Update', 'Skip', 'Finish', None]
Data distribution: [(5, 950), (6, 1047), (7, 983), (8, 352)]
Accuracy: [0.2851140456182473, 0.31422569027611047, 0.31422569027611047, 0.3790516206482593, 0.5177070828331333, 0.5333133253301321, 0.5027010804321729, 0.4852941176470588, 0.5393157262905162, 0.5369147659063626, 0.5273109243697479, 0.65906362545018, 0.5630252100840336, 0.575030012004802, 0.592436974789916, 0.5660264105642256, 0.6053421368547419, 0.629951980792317, 0.6149459783913566, 0.6191476590636255, 0.5876350540216086, 0.6041416566626651, 0.6446578631452581, 0.6533613445378151, 0.5915366146458584, 0.6896758703481393, 0.6809723889555822, 0.6296518607442977, 0.6563625450180072, 0.698079231692677]
Loss: [1.3233669119061164, 1.3315651821640302, 1.3287017705305568, 1.2701625104220409, 1.2219311977332492, 1.1714106663218085, 1.2218566885534323, 1.0859119588474058, 1.1096651981461723, 1.264264888358566, 1.070479543703907, 0.8799017521570314, 1.332685186053222, 1.00446539779879, 0.9679768816480097, 0.9977557310518229, 0.9266912296133222, 0.915790505004379, 0.9374794926283494, 0.9040163732924551, 0.9310250034872091, 0.9444774726651749, 0.84981584324027, 0.8393689405243352, 0.9502304814896494, 0.8051126081988497, 0.8389724965365428, 0.8953387984689677, 0.9140295701206855, 0.7211959089310664]
Received data: [(0, 22), (0, 9999), (0, 612), (0, 252617), (0, 21), (0, 250910), (1, 21), (1, 250910), (2, 21), (2, 250910), (3, 21), (3, 250910), (4, 21), (4, 250910), (5, 21), (5, 250910), (6, 19), (6, 21), (6, 250910), (7, 19), (7, 19), (7, 19), (7, 21), (7, 250910), (8, 21), (8, 250910), (9, 21), (9, 250910), (10, 19), (10, 21), (10, 250910)]
Send data: [(0, 23), (1, 250910), (2, 250910), (3, 250910), (4, 250910), (5, 250910), (6, 250910), (6, 250910), (7, 250910), (7, 250910), (7, 250910), (7, 250910), (8, 250910), (9, 250910), (10, 250910), (10, 250910)]
Strategies (if used): []


Information from Client_3:

Signals: ['Update', 'Update', 'Update', 'Skip', 'Update', 'Update', 'Update', 'Skip', 'Update', 'Update', 'Update', 'Skip', 'Skip', 'Skip', 'Update', 'Finish', None]
Data distribution: [(0, 1022), (1, 644), (3, 643), (4, 982), (5, 41)]
Accuracy: [0.46218487394957986, 0.5789315726290516, 0.6014405762304922, 0.48169267707082836, 0.5012004801920769, 0.5003001200480192, 0.44657863145258103, 0.5516206482593037, 0.5177070828331333, 0.5276110444177671, 0.4789915966386555, 0.5729291716686674, 0.526110444177671, 0.5600240096038416, 0.6341536614645858, 0.5798319327731093, 0.5474189675870348, 0.5981392557022809, 0.5990396158463386, 0.6068427370948379, 0.6128451380552221, 0.6254501800720288, 0.5879351740696278, 0.6500600240096038, 0.531812725090036, 0.6104441776710684, 0.6620648259303722, 0.6137454981992797, 0.6161464585834334, 0.6470588235294118]
Loss: [1.2596748156367608, 1.0416476816501257, 0.9826779579216579, 1.311779982638809, 1.178217277211963, 1.1563714922599073, 1.4914653076315827, 1.1208386556157526, 1.2324900548413116, 1.1783315528113887, 1.2526728904472206, 1.0983147846077972, 1.198877144534633, 1.0903498744064908, 0.9663683693363981, 1.1339824300891947, 1.1217225385162066, 1.0212164363771115, 1.0275334288489144, 1.1006212684343446, 0.9748071420867488, 1.0146789899412192, 1.1337074457474474, 0.9190388704245945, 1.1030807146486246, 0.9936800958975306, 0.912200076400109, 0.9945627394712196, 1.0114792000572637, 0.929014857085246]
Received data: [(0, 22), (0, 10001), (0, 612), (0, 252617), (0, 21), (0, 250910), (1, 21), (1, 250910), (2, 21), (2, 250910), (3, 19), (3, 21), (3, 250910), (4, 21), (4, 250910), (5, 21), (5, 250910), (6, 19), (6, 21), (6, 250910), (7, 21), (7, 250910), (8, 21), (8, 250910), (9, 19), (9, 19), (9, 19), (9, 21), (9, 250910), (10, 21), (10, 250910)]
Send data: [(0, 23), (1, 250910), (2, 250910), (3, 250910), (3, 250910), (4, 250910), (5, 250910), (6, 250910), (6, 250910), (7, 250910), (8, 250910), (9, 250910), (9, 250910), (9, 250910), (9, 250910), (10, 250910)]
Strategies (if used): []


Duration: 92 minutes 32 seconds
