The following training was conducted:

C: 0.8
K: 3
R: 15
E: 3
B: 64
optimizer: <class 'torch.optim.adam.Adam'>
criterion: CrossEntropyLoss()
lr: 0.01
data_name: CIFAR10
iid: False
shards_each: 2
ternary: False
personalized: True
model: <class 'models.Net_4'>
LESS_DATA: 10000
SERVER_TEST_SIZE: 1000
SERVER_TRAIN_SIZE: 1000


Information from Server:

Accuracy: [0.1, 0.1, 0.095, 0.1, 0.1, 0.1, 0.1, 0.1, 0.1, 0.1, 0.1, 0.1, 0.1, 0.1, 0.1]
Loss: [2.3490579277276993, 2.3699976950883865, 2.335411563515663, 2.4387943148612976, 2.325422540307045, 2.402338370680809, 2.3609950244426727, 2.3386956602334976, 2.369963228702545, 2.4163938015699387, 2.3927228301763535, 2.357635661959648, 2.3663337975740433, 2.352296322584152, 2.369397893548012]
Received data: [(1, 23), (1, 23), (1, 23), (2, 250878), (2, 250878), (2, 250878), (3, 250878), (3, 250878), (3, 250878), (4, 250878), (4, 250878), (4, 250878), (5, 250878), (5, 250878), (5, 250878), (6, 250878), (6, 250878), (6, 250878), (7, 250878), (7, 250878), (7, 250878), (8, 250878), (8, 250878), (8, 250878), (9, 250878), (9, 250878), (9, 250878), (10, 250878), (10, 250878), (10, 250878), (11, 250878), (11, 250878), (11, 250878), (12, 250878), (12, 250878), (12, 250878), (13, 250878), (13, 250878), (13, 250878), (14, 250878), (14, 250878), (14, 250878), (15, 250878), (15, 250878), (15, 250878), (16, 250878), (16, 250878), (16, 250878)]
Send data: [(1, 22), (1, 10002), (1, 612), (1, 252585), (1, 22), (1, 10003), (1, 612), (1, 252585), (1, 22), (1, 9997), (1, 612), (1, 252585), (2, 19), (2, 21), (2, 21), (2, 250878), (2, 250878), (3, 21), (3, 19), (3, 21), (3, 250878), (3, 250878), (4, 19), (4, 21), (4, 21), (4, 250878), (4, 250878), (5, 21), (5, 19), (5, 21), (5, 250878), (5, 250878), (6, 21), (6, 19), (6, 21), (6, 250878), (6, 250878), (7, 19), (7, 21), (7, 21), (7, 250878), (7, 250878), (8, 19), (8, 21), (8, 21), (8, 250878), (8, 250878), (9, 19), (9, 21), (9, 21), (9, 250878), (9, 250878), (10, 21), (10, 21), (10, 19), (10, 250878), (10, 250878), (11, 19), (11, 21), (11, 21), (11, 250878), (11, 250878), (12, 19), (12, 21), (12, 21), (12, 250878), (12, 250878), (13, 21), (13, 19), (13, 21), (13, 250878), (13, 250878), (14, 21), (14, 21), (14, 19), (14, 250878), (14, 250878), (15, 21), (15, 21), (15, 19), (15, 250878), (15, 250878), (16, 21), (16, 19), (16, 21), (16, 250878), (16, 250878), (16, 21), (16, 250878), (16, 21), (16, 250878), (16, 21), (16, 250878)]


Information from Client_3:

Signals: ['Update', 'Update', 'Update', 'Update', 'Update', 'Update', 'Update', 'Update', 'Skip', 'Update', 'Update', 'Update', 'Skip', 'Skip', 'Update', 'Finish', None]
Data distribution: [(1, 419), (2, 970), (3, 277), (6, 276), (7, 1005), (8, 385)]
Accuracy: [0.34963985594237695, 0.41236494597839135, 0.4507803121248499, 0.36014405762304924, 0.41236494597839135, 0.368547418967587, 0.32863145258103243, 0.3559423769507803, 0.4726890756302521, 0.46338535414165666, 0.4606842737094838, 0.5117046818727491, 0.3832533013205282, 0.39195678271308526, 0.40786314525810324, 0.29111644657863145, 0.29111644657863145, 0.30162064825930374, 0.30162064825930374, 0.30162064825930374, 0.30162064825930374, 0.29111644657863145, 0.29111644657863145, 0.30162064825930374, 0.30162064825930374, 0.30162064825930374, 0.29111644657863145, 0.30162064825930374, 0.29111644657863145, 0.30162064825930374, 0.30162064825930374, 0.30162064825930374, 0.29111644657863145, 0.30162064825930374, 0.29111644657863145, 0.29111644657863145]
Loss: [1.59668508790574, 1.4234342147719186, 1.304598127895931, 1.5477644182601065, 1.446184144829804, 1.4537184665787894, 1.5175492403642186, 1.404251973584013, 1.309148687236714, 1.402211643614859, 1.3538659698558304, 1.2107678460624982, 1.50994247985336, 1.4919395851639081, 1.429673023943631, 1.6576313432657495, 1.6402217149734497, 1.668970506146269, 1.6592959480465583, 1.6619691286446914, 1.6476408782994971, 1.6628390280705578, 1.6912068645909148, 1.6547715888833099, 1.6717716680382781, 1.6739302716165219, 1.6456578452632111, 1.6511284315361168, 1.6840218103156899, 1.6508825904918167, 1.6881006573731046, 1.6414811768621769, 1.6533946248720277, 1.6619357680374722, 1.664943332942027, 1.6828744321499232]
Received data: [(0, 22), (0, 9997), (0, 612), (0, 252585), (0, 21), (0, 250878), (1, 21), (1, 250878), (2, 21), (2, 250878), (3, 21), (3, 250878), (4, 21), (4, 250878), (5, 21), (5, 250878), (6, 21), (6, 250878), (7, 21), (7, 250878), (8, 19), (8, 21), (8, 250878), (9, 21), (9, 250878), (10, 21), (10, 250878), (11, 19), (11, 19), (11, 21), (11, 250878), (12, 21), (12, 250878)]
Send data: [(0, 23), (1, 250878), (2, 250878), (3, 250878), (4, 250878), (5, 250878), (6, 250878), (7, 250878), (8, 250878), (8, 250878), (9, 250878), (10, 250878), (11, 250878), (11, 250878), (11, 250878), (12, 250878)]
Strategies (if used): []


Information from Client_1:

Signals: ['Skip', 'Update', 'Skip', 'Update', 'Update', 'Skip', 'Skip', 'Skip', 'Update', 'Skip', 'Skip', 'Update', 'Update', 'Update', 'Update', 'Finish', None]
Data distribution: [(0, 1010), (1, 656), (5, 960), (6, 706)]
Accuracy: [0.5057022809123649, 0.42737094837935174, 0.5219087635054022, 0.4837935174069628, 0.5561224489795918, 0.5900360144057623, 0.28811524609843936, 0.2118847539015606, 0.30312124849939975, 0.28811524609843936, 0.28811524609843936, 0.30312124849939975, 0.30312124849939975, 0.30312124849939975, 0.28811524609843936, 0.19687875150060025, 0.30312124849939975, 0.28811524609843936, 0.28811524609843936, 0.30312124849939975, 0.28811524609843936, 0.30312124849939975, 0.30312124849939975, 0.30312124849939975]
Loss: [1.0621886467033963, 1.29556967739789, 1.1889128684997559, 1.3346816368822783, 1.1082488163462225, 1.0274391219301044, 1.3826686436275266, 1.42427995519818, 1.3821164684475593, 1.379318338520122, 1.3780961261605316, 1.3796489643600751, 1.4181428113073673, 1.3702675666449204, 1.373211478287319, 1.4539442917086043, 1.3779466669514495, 1.3682232577845734, 1.377843107817308, 1.388395293703619, 1.393588754366029, 1.37121426384404, 1.3781734142663344, 1.3862505273998909]
Received data: [(0, 22), (0, 10002), (0, 612), (0, 252585), (0, 19), (0, 21), (0, 250878), (1, 19), (1, 21), (1, 250878), (2, 21), (2, 250878), (3, 19), (3, 19), (3, 19), (3, 21), (3, 250878), (4, 19), (4, 19), (4, 21), (4, 250878), (5, 21), (5, 250878), (6, 21), (6, 250878), (7, 21), (7, 250878), (8, 21), (8, 250878)]
Send data: [(0, 23), (0, 250878), (1, 250878), (1, 250878), (2, 250878), (3, 250878), (3, 250878), (3, 250878), (3, 250878), (4, 250878), (4, 250878), (4, 250878), (5, 250878), (6, 250878), (7, 250878), (8, 250878)]
Strategies (if used): []


Information from Client_2:

Signals: ['Update', 'Skip', 'Update', 'Skip', 'Skip', 'Update', 'Update', 'Update', 'Update', 'Update', 'Update', 'Skip', 'Update', 'Update', 'Skip', 'Finish', None]
Data distribution: [(3, 658), (4, 960), (5, 48), (8, 648), (9, 1018)]
Accuracy: [0.4570828331332533, 0.5483193277310925, 0.3745498199279712, 0.3055222088835534, 0.28811524609843936, 0.3055222088835534, 0.3055222088835534, 0.28811524609843936, 0.3055222088835534, 0.28811524609843936, 0.28811524609843936, 0.28811524609843936, 0.28811524609843936, 0.28811524609843936, 0.28811524609843936, 0.3055222088835534, 0.3055222088835534, 0.3055222088835534, 0.3055222088835534, 0.3055222088835534, 0.28811524609843936, 0.28811524609843936, 0.3055222088835534, 0.3055222088835534, 0.3055222088835534, 0.3055222088835534, 0.3055222088835534, 0.3055222088835534, 0.3055222088835534, 0.28811524609843936]
Loss: [1.3488959681312993, 1.0702403896259811, 1.377974142443459, 1.4395344324831694, 1.4203606214163438, 1.430145837226004, 1.4575909870975423, 1.4605155440996278, 1.434107926656615, 1.4342521991369859, 1.427833136522545, 1.4373678058948156, 1.451485422422301, 1.431653895468082, 1.4307695582227886, 1.4291758604769438, 1.424932596818456, 1.4387623791424733, 1.4308158339194532, 1.442615252620769, 1.4265929932864208, 1.4429104193201605, 1.4382911965532124, 1.4294342567335885, 1.4418015052687447, 1.4335411966971632, 1.4295924204700399, 1.4366306044020742, 1.4222213412230869, 1.432042803404466]
Received data: [(0, 22), (0, 10003), (0, 612), (0, 252585), (0, 21), (0, 250878), (1, 19), (1, 21), (1, 250878), (2, 19), (2, 19), (2, 21), (2, 250878), (3, 21), (3, 250878), (4, 21), (4, 250878), (5, 21), (5, 250878), (6, 21), (6, 250878), (7, 21), (7, 250878), (8, 19), (8, 21), (8, 250878), (9, 21), (9, 250878), (10, 19), (10, 21), (10, 250878)]
Send data: [(0, 23), (1, 250878), (1, 250878), (2, 250878), (2, 250878), (2, 250878), (3, 250878), (4, 250878), (5, 250878), (6, 250878), (7, 250878), (8, 250878), (8, 250878), (9, 250878), (10, 250878), (10, 250878)]
Strategies (if used): []


Duration: 334 minutes 39 seconds
