The following training was conducted:

C: 0.8
K: 3
R: 5
E: 3
B: 64
optimizer: <class 'torch.optim.adam.Adam'>
criterion: CrossEntropyLoss()
lr: 0.01
data_name: MNIST
shards_each: 2
ternary: True
personalized: True
iid: False
model: <class 'models.Net_2_Q'>
LESS_DATA: 1000
SERVER_TEST_SIZE: 1000
SERVER_TRAIN_SIZE: 100


Information from Server:

Accuracy: [0.07, 0.09, 0.1, 0.07, 0.13]
Loss: [2.526951551437378, 3.7186440229415894, 2.542973041534424, 2.5909905433654785, 3.0018926858901978]
Received data: [(1, 23), (1, 23), (1, 23), (2, 117229), (2, 117229), (2, 117229), (3, 117229), (3, 117229), (3, 117229), (4, 117229), (4, 117229), (4, 117229), (5, 117229), (5, 117229), (5, 117229), (6, 117229), (6, 117229), (6, 117229)]
Send data: [(1, 20), (1, 1010), (1, 610), (1, 118793), (1, 20), (1, 1012), (1, 610), (1, 118793), (1, 20), (1, 1010), (1, 610), (1, 118793), (2, 21), (2, 117229), (2, 21), (2, 117229), (2, 19), (3, 21), (3, 19), (3, 21), (3, 117229), (3, 117229), (4, 19), (4, 21), (4, 117229), (4, 21), (4, 117229), (5, 21), (5, 21), (5, 19), (5, 117229), (5, 117229), (6, 21), (6, 19), (6, 117229), (6, 21), (6, 117229), (6, 21), (6, 117229), (6, 21), (6, 117229), (6, 21), (6, 117229)]


Information from Client_3:

Signals: ['Skip', 'Update', 'Update', 'Skip', 'Update', 'Finish', None]
Data distribution: [(6, 27), (7, 110), (8, 86), (9, 109)]
Accuracy: [0.891566265060241, 0.9186746987951807, 0.9548192771084337, 0.8795180722891566, 0.9156626506024096, 0.9698795180722891, 0.9397590361445783, 0.8855421686746988, 0.9819277108433735]
Loss: [0.3245296776294708, 0.1769667953873674, 0.16325011290609837, 0.3821086635192235, 0.23517988249659538, 0.15581133340795836, 0.17226735750834146, 0.2601117168863614, 0.03327463218010962]
Received data: [(0, 20), (0, 1010), (0, 610), (0, 118793), (0, 19), (0, 21), (0, 117229), (1, 21), (1, 117229), (2, 19), (2, 21), (2, 117229), (3, 21), (3, 117229)]
Send data: [(0, 23), (0, 117229), (1, 117229), (2, 117229), (2, 117229), (3, 117229)]
Strategies (if used): ['Strategy 2', 'Strategy 1', 'Strategy 1']


Information from Client_1:

Signals: ['Update', 'Update', 'Skip', 'Update', 'Update', 'Finish', None]
Data distribution: [(0, 91), (1, 116), (2, 93), (3, 32)]
Accuracy: [0.8192771084337349, 0.9036144578313253, 0.963855421686747, 0.9337349397590361, 0.9728915662650602, 0.9879518072289156, 0.9518072289156626, 0.9939759036144579, 0.9969879518072289, 0.9608433734939759, 0.9879518072289156, 0.9909638554216867]
Loss: [0.7017525831858317, 0.36805446942647296, 0.11686849097410838, 0.27376527587572735, 0.0575275169685483, 0.025225364059830706, 0.21432182441155115, 0.0355875842894117, 0.011883331928402185, 0.10330180761714776, 0.03801306484577557, 0.022968356245352577]
Received data: [(0, 20), (0, 1010), (0, 610), (0, 118793), (0, 21), (0, 117229), (1, 21), (1, 117229), (2, 19), (2, 21), (2, 117229), (3, 21), (3, 117229), (4, 21), (4, 117229)]
Send data: [(0, 23), (1, 117229), (2, 117229), (2, 117229), (3, 117229), (4, 117229)]
Strategies (if used): ['Strategy 1', 'Strategy 1', 'Strategy 1', 'Strategy 1']


Information from Client_2:

Signals: ['Update', 'Skip', 'Update', 'Update', 'Skip', 'Finish', None]
Data distribution: [(3, 65), (4, 87), (5, 95), (6, 85)]
Accuracy: [0.6927710843373494, 0.9006024096385542, 0.9548192771084337, 0.8493975903614458, 0.9397590361445783, 0.9909638554216867, 0.8373493975903614, 0.9728915662650602, 0.9849397590361446]
Loss: [0.981552392244339, 0.30414729565382004, 0.16094238311052322, 0.41939473152160645, 0.16464295238256454, 0.05453826580196619, 0.43160636971394223, 0.10761712615688641, 0.04083774735530218]
Received data: [(0, 20), (0, 1012), (0, 610), (0, 118793), (0, 21), (0, 117229), (1, 19), (1, 21), (1, 117229), (2, 21), (2, 117229), (3, 19), (3, 21), (3, 117229)]
Send data: [(0, 23), (1, 117229), (1, 117229), (2, 117229), (3, 117229), (3, 117229)]
Strategies (if used): ['Strategy 1', 'Strategy 1', 'Strategy 1']


Duration: 33 minutes 29 seconds
