The following training was conducted:

C: 0.8
K: 3
R: 25
E: 3
B: 64
optimizer: <class 'torch.optim.adam.Adam'>
criterion: CrossEntropyLoss()
lr: 0.01
data_name: MNIST
shards_each: 2
ternary: False
personalized: False
iid: False
model: <class 'models.Net_2'>
LESS_DATA: 2000
SERVER_TEST_SIZE: 1000
SERVER_TRAIN_SIZE: 100


Information from Server:

Accuracy: [0.21, 0.47, 0.45, 0.66, 0.63, 0.66, 0.76, 0.8, 0.86, 0.87, 0.89, 0.9, 0.89, 0.92, 0.87, 0.94, 0.92, 0.97, 0.89, 0.86, 0.89, 0.93, 0.97, 0.94, 0.96]
Loss: [3.085698962211609, 1.9832651019096375, 3.096513271331787, 1.5750325322151184, 1.5810256004333496, 0.9421770870685577, 0.683611124753952, 0.5298379808664322, 0.3234582543373108, 0.4770733118057251, 0.4651585817337036, 0.22371064871549606, 0.2068379744887352, 0.2572653368115425, 0.5600680857896805, 0.16802352666854858, 0.3838024213910103, 0.10806495323777199, 0.42374512553215027, 0.4958425313234329, 0.3627144545316696, 0.2981076315045357, 0.09409429132938385, 0.28297124803066254, 0.18697873502969742]
Received data: [(1, 23), (1, 23), (1, 23), (2, 117919), (2, 117919), (2, 117919), (3, 117919), (3, 117919), (3, 117919), (4, 117919), (4, 117919), (4, 117919), (5, 117919), (5, 117919), (5, 117919), (6, 117919), (6, 117919), (6, 117919), (7, 117919), (7, 117919), (7, 117919), (8, 117919), (8, 117919), (8, 117919), (9, 117919), (9, 117919), (9, 117919), (10, 117919), (10, 117919), (10, 117919), (11, 117919), (11, 117919), (11, 117919), (12, 117919), (12, 117919), (12, 117919), (13, 117919), (13, 117919), (13, 117919), (14, 117919), (14, 117919), (14, 117919), (15, 117919), (15, 117919), (15, 117919), (16, 117919), (16, 117919), (16, 117919), (17, 117919), (17, 117919), (17, 117919), (18, 117919), (18, 117919), (18, 117919), (19, 117919), (19, 117919), (19, 117919), (20, 117919), (20, 117919), (20, 117919), (21, 117919), (21, 117919), (21, 117919), (22, 117919), (22, 117919), (22, 117919), (23, 117919), (23, 117919), (23, 117919), (24, 117919), (24, 117919), (24, 117919), (25, 117919), (25, 117919), (25, 117919), (26, 117919), (26, 117919), (26, 117919)]
Send data: [(1, 20), (1, 2011), (1, 610), (1, 119468), (1, 20), (1, 2012), (1, 610), (1, 119468), (1, 20), (1, 2010), (1, 610), (1, 119468), (2, 21), (2, 19), (2, 21), (2, 117919), (2, 117919), (3, 21), (3, 19), (3, 21), (3, 117919), (3, 117919), (4, 19), (4, 21), (4, 21), (4, 117919), (4, 117919), (5, 21), (5, 21), (5, 117919), (5, 117919), (5, 19), (6, 21), (6, 117919), (6, 21), (6, 117919), (6, 19), (7, 21), (7, 19), (7, 117919), (7, 21), (7, 117919), (8, 21), (8, 21), (8, 19), (8, 117919), (8, 117919), (9, 21), (9, 117919), (9, 19), (9, 21), (9, 117919), (10, 19), (10, 21), (10, 117919), (10, 21), (10, 117919), (11, 19), (11, 21), (11, 21), (11, 117919), (11, 117919), (12, 21), (12, 117919), (12, 21), (12, 117919), (12, 19), (13, 21), (13, 19), (13, 21), (13, 117919), (13, 117919), (14, 21), (14, 117919), (14, 21), (14, 19), (14, 117919), (15, 21), (15, 21), (15, 117919), (15, 117919), (15, 19), (16, 19), (16, 21), (16, 21), (16, 117919), (16, 117919), (17, 19), (17, 21), (17, 117919), (17, 21), (17, 117919), (18, 19), (18, 21), (18, 117919), (18, 21), (18, 117919), (19, 19), (19, 21), (19, 117919), (19, 21), (19, 117919), (20, 19), (20, 21), (20, 21), (20, 117919), (20, 117919), (21, 21), (21, 117919), (21, 21), (21, 19), (21, 117919), (22, 21), (22, 19), (22, 117919), (22, 21), (22, 117919), (23, 21), (23, 21), (23, 117919), (23, 19), (23, 117919), (24, 21), (24, 19), (24, 21), (24, 117919), (24, 117919), (25, 21), (25, 21), (25, 19), (25, 117919), (25, 117919), (26, 21), (26, 21), (26, 117919), (26, 19), (26, 117919), (26, 21), (26, 117919), (26, 21), (26, 117919), (26, 21), (26, 117919)]


Duration: 52 minutes 4 seconds
Information from Client_3:

Signals: ['Skip', 'Skip', 'Update', 'Update', 'Update', 'Skip', 'Update', 'Skip', 'Update', 'Update', 'Update', 'Skip', 'Update', 'Update', 'Update', 'Update', 'Update', 'Update', 'Update', 'Update', 'Skip', 'Update', 'Skip', 'Update', 'Update', 'Finish', None]
Data distribution: [(3, 154), (4, 179), (8, 112), (9, 221)]
Accuracy: [0.12012012012012012, 0.12012012012012012, 0.9414414414414415, 0.9714714714714715, 0.9894894894894894, 0.9894894894894894, 0.9954954954954955, 0.9954954954954955, 0.9984984984984985, 1.0, 0.993993993993994, 0.993993993993994, 0.996996996996997, 0.9894894894894894, 0.9954954954954955, 1.0, 0.9984984984984985, 0.984984984984985, 1.0, 0.9954954954954955, 0.9954954954954955, 1.0, 1.0, 1.0, 0.9924924924924925, 0.9714714714714715]
Loss: [2.2528500773689966, 2.252969264984131, 0.1627186695960435, 0.07380717290057377, 0.03804107687690041, 0.03662907581945712, 0.015240322184664283, 0.015095970148897984, 0.004546317557634955, 0.0014218639143192295, 0.034260112601755696, 0.03446092443350195, 0.00851670836180512, 0.0373402519908268, 0.009504117719850248, 0.001086046278735673, 0.003155760138662861, 0.039715881939876206, 6.863325860835671e-05, 0.010441529333051718, 0.010470996370052242, 0.0004043583260847134, 0.0004841471868944196, 0.0004831657403304813, 0.01524480935371354, 0.11523203979330984]
Training acc & loss: [[[nan, nan], [nan, nan], [nan, nan]], [[nan, nan], [nan, nan], [nan, nan]], [[0.5956145118583333, 0.8543543543543544], [0.2791544883088632, 0.9159159159159159], [0.16386675834655762, 0.9414414414414415]], [[0.17545525932853873, 0.9504504504504504], [0.1295417073098096, 0.9564564564564565], [0.07503654638474638, 0.9714714714714715]], [[0.12565377523953264, 0.963963963963964], [0.08251821444454518, 0.975975975975976], [0.03537837881594896, 0.9894894894894894]], [[0.03537837881594896, 0.9894894894894894], [0.03537837881594896, 0.9894894894894894], [0.03537837881594896, 0.9894894894894894]], [[0.04956639740108089, 0.984984984984985], [0.03958547343923287, 0.984984984984985], [0.01540101871995086, 0.9954954954954955]], [[0.01540101871995086, 0.9954954954954955], [0.01540101871995086, 0.9954954954954955], [0.01540101871995086, 0.9954954954954955]], [[0.021589429244737734, 0.9894894894894894], [0.006782191382213073, 0.996996996996997], [0.0045485730727457185, 0.9984984984984985]], [[0.014646092260425741, 0.9954954954954955], [0.01005293446360156, 0.9954954954954955], [0.0014281975203299555, 1.0]], [[0.03180916169234975, 0.990990990990991], [0.04487111107234589, 0.9894894894894894], [0.03754934298128567, 0.993993993993994]], [[0.03754934298128567, 0.993993993993994], [0.03754934298128567, 0.993993993993994], [0.03754934298128567, 0.993993993993994]], [[0.061494705817577516, 0.9834834834834835], [0.02596091743643311, 0.9864864864864865], [0.008527842996210728, 0.996996996996997]], [[0.031631836159662766, 0.9894894894894894], [0.025279339699445492, 0.984984984984985], [0.0420837645069696, 0.9894894894894894]], [[0.008965763094072992, 0.996996996996997], [0.001424758269257092, 1.0], [0.009475495698676572, 0.9954954954954955]], [[0.022142241751267153, 0.9924924924924925], [0.0011761821194588927, 1.0], [0.0009054399670276325, 1.0]], [[0.06538500717248429, 0.9834834834834835], [0.0008997805886214006, 1.0], [0.0032726485979682448, 0.9984984984984985]], [[0.027183125806252727, 0.990990990990991], [0.031649051705078986, 0.990990990990991], [0.03713019721379334, 0.984984984984985]], [[0.0011996215894627808, 1.0], [0.00012129599661586161, 1.0], [7.284378683504077e-05, 1.0]], [[0.023243873676454477, 0.9894894894894894], [0.02158350462813856, 0.9954954954954955], [0.010491244619267738, 0.9954954954954955]], [[0.010491244619267738, 0.9954954954954955], [0.010491244619267738, 0.9954954954954955], [0.010491244619267738, 0.9954954954954955]], [[0.016612179989434397, 0.9924924924924925], [0.008350791047136723, 0.996996996996997], [0.00040214759943327493, 1.0]], [[0.00040214759943327493, 1.0], [0.00040214759943327493, 1.0], [0.00040214759943327493, 1.0]], [[0.02438504464755004, 0.987987987987988], [0.03082466181380865, 0.9954954954954955], [0.0005042978924000801, 1.0]], [[0.004871861919476508, 0.996996996996997], [0.017186178436878145, 0.9954954954954955], [0.015219121491234298, 0.9924924924924925]]]
Received data: [(0, 20), (0, 2012), (0, 610), (0, 119468), (1, 19), (2, 19), (3, 21), (3, 117919), (4, 21), (4, 117919), (5, 21), (5, 117919), (6, 19), (7, 21), (7, 117919), (8, 19), (9, 21), (9, 117919), (10, 21), (10, 117919), (11, 21), (11, 117919), (12, 19), (13, 21), (13, 117919), (14, 21), (14, 117919), (15, 21), (15, 117919), (16, 21), (16, 117919), (17, 21), (17, 117919), (18, 21), (18, 117919), (19, 21), (19, 117919), (20, 21), (20, 117919), (21, 19), (22, 21), (22, 117919), (23, 19), (24, 21), (24, 117919), (25, 21), (25, 117919), (26, 21), (26, 117919)]
Send data: [(0, 23), (1, 117919), (2, 117919), (3, 117919), (4, 117919), (5, 117919), (6, 117919), (7, 117919), (8, 117919), (9, 117919), (10, 117919), (11, 117919), (12, 117919), (13, 117919), (14, 117919), (15, 117919), (16, 117919), (17, 117919), (18, 117919), (19, 117919), (20, 117919), (21, 117919), (22, 117919), (23, 117919), (24, 117919), (25, 117919), (26, 0)]
Strategies (if used): []


Information from Client_2:

Signals: ['Update', 'Update', 'Update', 'Skip', 'Skip', 'Update', 'Skip', 'Update', 'Update', 'Update', 'Skip', 'Update', 'Skip', 'Skip', 'Update', 'Update', 'Update', 'Update', 'Update', 'Skip', 'Update', 'Skip', 'Update', 'Skip', 'Skip', 'Finish', None]
Data distribution: [(0, 195), (1, 138), (4, 3), (5, 159), (6, 171)]
Accuracy: [0.9894894894894894, 0.993993993993994, 0.9984984984984985, 0.9984984984984985, 0.9984984984984985, 0.9954954954954955, 0.9954954954954955, 0.996996996996997, 0.996996996996997, 0.9954954954954955, 0.9954954954954955, 0.9954954954954955, 0.9954954954954955, 0.9954954954954955, 0.9984984984984985, 0.996996996996997, 1.0, 1.0, 0.9984984984984985, 0.9984984984984985, 0.9984984984984985, 0.9984984984984985, 0.996996996996997, 0.996996996996997, 0.996996996996997, 0.987987987987988]
Loss: [0.04329077179797671, 0.01641719670839269, 0.008185631891881878, 0.007968987766864964, 0.008030421190514144, 0.013670231420705519, 0.013752591507826846, 0.01198566407699466, 0.006394147805622197, 0.016394892305139696, 0.016262786401388108, 0.02285734362060959, 0.014228490825790889, 0.01422856195967561, 0.00841146273888685, 0.014776115524148896, 9.920753516500336e-05, 0.00022719539879023642, 0.009230376646176097, 0.009230376337275031, 0.006002741660667408, 0.002469591853003711, 0.014432361118072314, 0.01503738066362685, 0.014436988722278247, 0.05415853883261496]
Training acc & loss: [[[0.38533134216612036, 0.8963963963963963], [0.17243337800556963, 0.9459459459459459], [0.04247341961176558, 0.9894894894894894]], [[0.12042048562910747, 0.9654654654654654], [0.04202592300928452, 0.9819819819819819], [0.01585883988908873, 0.993993993993994]], [[0.046323242258619175, 0.987987987987988], [0.011278707671656528, 0.9954954954954955], [0.007981666064800018, 0.9984984984984985]], [[0.007981666064800018, 0.9984984984984985], [0.007981666064800018, 0.9984984984984985], [0.007981666064800018, 0.9984984984984985]], [[0.007981666064800018, 0.9984984984984985], [0.007981666064800018, 0.9984984984984985], [0.007981666064800018, 0.9984984984984985]], [[0.10902953681282022, 0.9714714714714715], [0.05571867309680039, 0.9819819819819819], [0.014490912574480964, 0.9954954954954955]], [[0.014490912574480964, 0.9954954954954955], [0.014490912574480964, 0.9954954954954955], [0.014490912574480964, 0.9954954954954955]], [[0.05601944638924165, 0.9834834834834835], [0.0021625171979063784, 1.0], [0.011911609208916409, 0.996996996996997]], [[0.01426448699401755, 0.9924924924924925], [0.04310767350997677, 0.984984984984985], [0.006393135393161422, 0.996996996996997]], [[0.10888159530441044, 0.9744744744744744], [0.002588446350115832, 0.9984984984984985], [0.016254671419698174, 0.9954954954954955]], [[0.016254671419698174, 0.9954954954954955], [0.016254671419698174, 0.9954954954954955], [0.016254671419698174, 0.9954954954954955]], [[7.307690101205304e-05, 1.0], [0.0020363085933261323, 0.9984984984984985], [0.01422990696548569, 0.9954954954954955]], [[0.01422990696548569, 0.9954954954954955], [0.01422990696548569, 0.9954954954954955], [0.01422990696548569, 0.9954954954954955]], [[0.01422990696548569, 0.9954954954954955], [0.01422990696548569, 0.9954954954954955], [0.01422990696548569, 0.9954954954954955]], [[0.00412471893880386, 0.9984984984984985], [0.007199463902318051, 0.9984984984984985], [0.008411454771675314, 0.9984984984984985]], [[0.017418803147217495, 0.996996996996997], [0.0062452337985415725, 0.9984984984984985], [0.014776310885190986, 0.996996996996997]], [[0.022267151666297155, 0.990990990990991], [0.0031493953368921398, 0.9984984984984985], [9.922931489922152e-05, 1.0]], [[0.00025388446555945683, 1.0], [0.001514126518197207, 0.9984984984984985], [0.00022709319960770554, 1.0]], [[0.001726508589969932, 0.9984984984984985], [0.0005492052320693305, 1.0], [0.009230376561623127, 0.9984984984984985]], [[0.009230376561623127, 0.9984984984984985], [0.009230376561623127, 0.9984984984984985], [0.009230376561623127, 0.9984984984984985]], [[0.00019965062840945146, 1.0], [0.005539022405255248, 0.9984984984984985], [0.00246959184967715, 0.9984984984984985]], [[0.00246959184967715, 0.9984984984984985], [0.00246959184967715, 0.9984984984984985], [0.00246959184967715, 0.9984984984984985]], [[0.00020105855344697656, 1.0], [0.0009296752701534183, 1.0], [0.014432380840420674, 0.996996996996997]], [[0.014432380840420674, 0.996996996996997], [0.014432380840420674, 0.996996996996997], [0.014432380840420674, 0.996996996996997]], [[0.014432380840420674, 0.996996996996997], [0.014432380840420674, 0.996996996996997], [0.014432380840420674, 0.996996996996997]]]
Received data: [(0, 20), (0, 2010), (0, 610), (0, 119468), (1, 21), (1, 117919), (2, 21), (2, 117919), (3, 21), (3, 117919), (4, 19), (5, 19), (6, 21), (6, 117919), (7, 19), (8, 21), (8, 117919), (9, 21), (9, 117919), (10, 21), (10, 117919), (11, 19), (12, 21), (12, 117919), (13, 19), (14, 19), (15, 21), (15, 117919), (16, 21), (16, 117919), (17, 21), (17, 117919), (18, 21), (18, 117919), (19, 21), (19, 117919), (20, 19), (21, 21), (21, 117919), (22, 19), (23, 21), (23, 117919), (24, 19), (25, 19), (26, 21), (26, 117919)]
Send data: [(0, 23), (1, 117919), (2, 117919), (3, 117919), (4, 117919), (5, 117919), (6, 117919), (7, 117919), (8, 117919), (9, 117919), (10, 117919), (11, 117919), (12, 117919), (13, 117919), (14, 117919), (15, 117919), (16, 117919), (17, 117919), (18, 117919), (19, 117919), (20, 117919), (21, 117919), (22, 117919), (23, 117919), (24, 117919), (25, 117919), (26, 0)]
Strategies (if used): []


Information from Client_1:

Signals: ['Update', 'Update', 'Skip', 'Update', 'Update', 'Update', 'Update', 'Update', 'Skip', 'Skip', 'Update', 'Update', 'Update', 'Update', 'Skip', 'Skip', 'Skip', 'Skip', 'Skip', 'Update', 'Update', 'Update', 'Update', 'Update', 'Update', 'Finish', None]
Data distribution: [(1, 86), (2, 176), (3, 71), (6, 29), (7, 231), (8, 73)]
Accuracy: [0.9564564564564565, 0.990990990990991, 0.990990990990991, 0.9954954954954955, 0.990990990990991, 1.0, 0.9984984984984985, 1.0, 1.0, 1.0, 0.9984984984984985, 0.9984984984984985, 0.993993993993994, 0.996996996996997, 0.996996996996997, 0.996996996996997, 0.996996996996997, 0.996996996996997, 0.996996996996997, 0.9984984984984985, 1.0, 1.0, 0.9984984984984985, 0.990990990990991, 0.996996996996997, 0.9834834834834835]
Loss: [0.12877335788851435, 0.02903842159800909, 0.029113479297269474, 0.024191682777282866, 0.0196283761496571, 0.0067107207353480835, 0.009538781903260811, 0.003039782596963712, 0.0029964264894343532, 0.0028707144493554633, 0.0027914080657699906, 0.0040458356181096115, 0.016138933167729356, 0.005398209755257581, 0.006144436636418504, 0.0053954162269436974, 0.0053950269692470765, 0.005394615036204248, 0.005394585993599321, 0.010104245393098277, 2.264090943752835e-05, 0.0009179153795819482, 0.00568443860965799, 0.04874451572025216, 0.009045314330292471, 0.05519986606933261]
Training acc & loss: [[[0.7491082115606829, 0.7912912912912913], [0.19938829134811054, 0.9429429429429429], [0.1254258704456416, 0.9564564564564565]], [[0.19043015891855414, 0.9309309309309309], [0.10822641172192314, 0.9669669669669669], [0.03107729774307121, 0.990990990990991]], [[0.03107729774307121, 0.990990990990991], [0.03107729774307121, 0.990990990990991], [0.03107729774307121, 0.990990990990991]], [[0.13333041390234773, 0.96996996996997], [0.04057212042706934, 0.993993993993994], [0.024864663115956566, 0.9954954954954955]], [[0.07546153071929108, 0.9744744744744744], [0.02278145965696736, 0.996996996996997], [0.019562803251160818, 0.990990990990991]], [[0.069275118495253, 0.9774774774774775], [0.01586966479027813, 0.9984984984984985], [0.0062071609903465615, 1.0]], [[0.04124883788807148, 0.9894894894894894], [0.0069807030641558495, 0.9984984984984985], [0.0101002680815079, 0.9984984984984985]], [[0.01988251073370603, 0.9924924924924925], [0.054710491983727974, 0.978978978978979], [0.003314027659309266, 1.0]], [[0.003314027659309266, 1.0], [0.003314027659309266, 1.0], [0.003314027659309266, 1.0]], [[0.003314027659309266, 1.0], [0.003314027659309266, 1.0], [0.003314027659309266, 1.0]], [[0.014635150357869199, 0.996996996996997], [0.0021162379985484718, 1.0], [0.0027877925116296287, 0.9984984984984985]], [[0.0021315748149804263, 1.0], [0.01587733308340169, 0.9954954954954955], [0.0044885349502279, 0.9984984984984985]], [[0.009510821038433774, 0.9984984984984985], [0.016622246666388077, 0.993993993993994], [0.01451361605739459, 0.993993993993994]], [[0.0016667259064578584, 0.9984984984984985], [0.07370960890230807, 0.9744744744744744], [0.00539496838810423, 0.996996996996997]], [[0.00539496838810423, 0.996996996996997], [0.00539496838810423, 0.996996996996997], [0.00539496838810423, 0.996996996996997]], [[0.00539496838810423, 0.996996996996997], [0.00539496838810423, 0.996996996996997], [0.00539496838810423, 0.996996996996997]], [[0.00539496838810423, 0.996996996996997], [0.00539496838810423, 0.996996996996997], [0.00539496838810423, 0.996996996996997]], [[0.00539496838810423, 0.996996996996997], [0.00539496838810423, 0.996996996996997], [0.00539496838810423, 0.996996996996997]], [[0.00539496838810423, 0.996996996996997], [0.00539496838810423, 0.996996996996997], [0.00539496838810423, 0.996996996996997]], [[0.013006054211556066, 0.996996996996997], [0.00842054944868406, 0.996996996996997], [0.010679541179012052, 0.9984984984984985]], [[0.04103501316719551, 0.987987987987988], [0.003367464688546368, 0.9984984984984985], [1.827921334619408e-05, 1.0]], [[0.003630269190010567, 0.9984984984984985], [0.027777649339265572, 0.990990990990991], [0.0009203422396653464, 1.0]], [[0.00039580647641783304, 1.0], [0.0004054203779498328, 1.0], [0.005684450970947678, 0.9984984984984985]], [[0.03079494707311493, 0.9954954954954955], [0.15767698309553618, 0.9714714714714715], [0.05779968976871301, 0.990990990990991]], [[0.0010180856352235423, 1.0], [0.02599438194176235, 0.990990990990991], [0.009028673617132716, 0.996996996996997]]]
Received data: [(0, 20), (0, 2011), (0, 610), (0, 119468), (1, 21), (1, 117919), (2, 21), (2, 117919), (3, 19), (4, 21), (4, 117919), (5, 21), (5, 117919), (6, 21), (6, 117919), (7, 21), (7, 117919), (8, 21), (8, 117919), (9, 19), (10, 19), (11, 21), (11, 117919), (12, 21), (12, 117919), (13, 21), (13, 117919), (14, 21), (14, 117919), (15, 19), (16, 19), (17, 19), (18, 19), (19, 19), (20, 21), (20, 117919), (21, 21), (21, 117919), (22, 21), (22, 117919), (23, 21), (23, 117919), (24, 21), (24, 117919), (25, 21), (25, 117919), (26, 21), (26, 117919)]
Send data: [(0, 23), (1, 117919), (2, 117919), (3, 117919), (4, 117919), (5, 117919), (6, 117919), (7, 117919), (8, 117919), (9, 117919), (10, 117919), (11, 117919), (12, 117919), (13, 117919), (14, 117919), (15, 117919), (16, 117919), (17, 117919), (18, 117919), (19, 117919), (20, 117919), (21, 117919), (22, 117919), (23, 117919), (24, 117919), (25, 117919), (26, 0)]
Strategies (if used): []


